,url,timestamp_start,timestamp_finish,n_segment,t_download_s,body_size_byte,bandwidth_mbit,byte_start,byte_end,seg_len_s,t_start,t_end,quality_level_chosen,bitrate_level,vmaf_level
0,https://arteconcert-vh.akamaihd.net/i/am/concert/087000/087000/087076-003-A_0_VO_AMM-CONCERT-NEXT_XQ.15TFd7zno6.smil/segment1_3_av.ts,1576430112.823,1576430113.222,0,0.318,593140,14.921761006289309,0,0,10.080333,0.0,10.08,0,474259.0,17.367507233201593
1,https://arteconcert-vh.akamaihd.net/i/am/concert/087000/087000/087076-003-A_0_VO_AMM-CONCERT-NEXT_XQ.15TFd7zno6.smil/segment1_1_av.ts,1576430113.238,1576430114.618,0,1.254,3071732,19.59637639553429,0,0,10.080333,0.0,10.08,3,2437802.0,100.0
2,https://arteconcert-vh.akamaihd.net/i/am/concert/087000/087000/087076-003-A_0_VO_AMM-CONCERT-NEXT_XQ.15TFd7zno6.smil/segment2_1_av.ts,1576430114.709,1576430115.9490001,1,1.214,3144300,20.720263591433277,0,0,10.155,10.08,20.24,3,2477045.0,100.0
3,https://arteconcert-vh.akamaihd.net/i/am/concert/087000/087000/087076-003-A_0_VO_AMM-CONCERT-NEXT_XQ.15TFd7zno6.smil/segment3_1_av.ts,1576430116.028,1576430117.1350002,2,1.088,3032628,22.298735294117645,0,0,10.2,20.24,30.44,3,2397334.0,100.0
4,https://arteconcert-vh.akamaihd.net/i/am/concert/087000/087000/087076-003-A_0_VO_AMM-CONCERT-NEXT_XQ.15TFd7zno6.smil/segment4_1_av.ts,1576430119.874,1576430121.23,3,1.338,3276276,19.589094170403584,0,0,10.104333,30.44,40.54,3,2593957.0,100.0
5,https://arteconcert-vh.akamaihd.net/i/am/concert/087000/087000/087076-003-A_0_VO_AMM-CONCERT-NEXT_XQ.15TFd7zno6.smil/segment5_1_av.ts,1576430129.875,1576430130.927,4,1.037,3164980,24.416432015429123,0,0,10.200333,40.54,50.74,3,2482256.0,100.0
6,https://arteconcert-vh.akamaihd.net/i/am/concert/087000/087000/087076-003-A_0_VO_AMM-CONCERT-NEXT_XQ.15TFd7zno6.smil/segment6_1_av.ts,1576430139.874,1576430141.966,5,1.957,2675052,10.935317322432294,0,0,10.155,50.74,60.9,3,2107377.0,100.0
7,https://arteconcert-vh.akamaihd.net/i/am/concert/087000/087000/087076-003-A_0_VO_AMM-CONCERT-NEXT_XQ.15TFd7zno6.smil/segment7_1_av.ts,1576430149.874,1576430151.211,6,1.274,3475180,21.822166405023548,0,0,10.08,60.89,70.97,3,2758079.0,100.0
8,https://arteconcert-vh.akamaihd.net/i/am/concert/087000/087000/087076-003-A_0_VO_AMM-CONCERT-NEXT_XQ.15TFd7zno6.smil/segment8_1_av.ts,1576430159.874,1576430161.454,7,1.557,2605492,13.387242132305715,0,0,10.064333,70.97,81.03,3,2071069.0,100.0
9,https://arteconcert-vh.akamaihd.net/i/am/concert/087000/087000/087076-003-A_0_VO_AMM-CONCERT-NEXT_XQ.15TFd7zno6.smil/segment9_1_av.ts,1576430169.873,1576430170.9859998,8,1.093,3186412,23.32232021957914,0,0,10.080333,81.04,91.12,3,2528814.0,100.0
10,https://arteconcert-vh.akamaihd.net/i/am/concert/087000/087000/087076-003-A_0_VO_AMM-CONCERT-NEXT_XQ.15TFd7zno6.smil/segment10_1_av.ts,1576430179.873,1576430181.0279999,9,1.097,3167988,23.10292069279854,0,0,10.195,91.12,101.32,3,2485915.0,100.0
11,https://arteconcert-vh.akamaihd.net/i/am/concert/087000/087000/087076-003-A_0_VO_AMM-CONCERT-NEXT_XQ.15TFd7zno6.smil/segment11_1_av.ts,1576430189.874,1576430190.437,10,0.498,2849140,45.7693172690763,0,0,10.069666999999999,101.31,111.38,3,2263542.0,100.0
12,https://arteconcert-vh.akamaihd.net/i/am/concert/087000/087000/087076-003-A_0_VO_AMM-CONCERT-NEXT_XQ.15TFd7zno6.smil/segment12_1_av.ts,1576430199.874,1576430200.3270001,11,0.44,2957428,53.77141818181818,0,0,10.064333,111.38,121.44,3,2350818.0,100.0
13,https://arteconcert-vh.akamaihd.net/i/am/concert/087000/087000/087076-003-A_0_VO_AMM-CONCERT-NEXT_XQ.15TFd7zno6.smil/segment13_1_av.ts,1576430209.874,1576430210.5340002,12,0.599,2732204,36.49020367278798,0,0,10.200333,121.45,131.65,3,2142835.0,100.0
14,https://arteconcert-vh.akamaihd.net/i/am/concert/087000/087000/087076-003-A_0_VO_AMM-CONCERT-NEXT_XQ.15TFd7zno6.smil/segment14_1_av.ts,1576430219.874,1576430220.43,13,0.507,3501876,55.256426035502955,0,0,10.195,131.65,141.84,3,2747916.0,100.0
15,https://arteconcert-vh.akamaihd.net/i/am/concert/087000/087000/087076-003-A_0_VO_AMM-CONCERT-NEXT_XQ.15TFd7zno6.smil/segment15_1_av.ts,1576430229.875,1576430230.323,14,0.432,2762284,51.1534074074074,0,0,10.149666999999999,141.84,151.99,3,2177241.0,100.0
16,https://arteconcert-vh.akamaihd.net/i/am/concert/087000/087000/087076-003-A_0_VO_AMM-CONCERT-NEXT_XQ.15TFd7zno6.smil/segment16_1_av.ts,1576430239.874,1576430240.411,15,0.503,3276276,52.10776938369781,0,0,10.08,151.99,162.07,3,2600219.0,100.0
17,https://arteconcert-vh.akamaihd.net/i/am/concert/087000/087000/087076-003-A_0_VO_AMM-CONCERT-NEXT_XQ.15TFd7zno6.smil/segment17_1_av.ts,1576430249.876,1576430250.546,16,0.631,2987508,37.876488114104596,0,0,10.120333,162.07,172.19,3,2361588.0,100.0
18,https://arteconcert-vh.akamaihd.net/i/am/concert/087000/087000/087076-003-A_0_VO_AMM-CONCERT-NEXT_XQ.15TFd7zno6.smil/segment18_1_av.ts,1576430259.873,1576430260.8049998,17,0.902,3020596,26.790208425720618,0,0,10.115,172.19,182.3,3,2389003.0,100.0
19,https://arteconcert-vh.akamaihd.net/i/am/concert/087000/087000/087076-003-A_0_VO_AMM-CONCERT-NEXT_XQ.15TFd7zno6.smil/segment19_1_av.ts,1576430269.874,1576430270.7450001,18,0.6980000000000001,3327412,38.13652722063037,0,0,10.149666999999999,182.31,192.46,3,2622676.0,100.0
20,https://arteconcert-vh.akamaihd.net/i/am/concert/087000/087000/087076-003-A_0_VO_AMM-CONCERT-NEXT_XQ.15TFd7zno6.smil/segment20_1_av.ts,1576430279.874,1576430280.6330001,19,0.743,3032628,32.65279138627187,0,0,10.16,192.46,202.62,3,2387896.0,100.0
21,https://arteconcert-vh.akamaihd.net/i/am/concert/087000/087000/087076-003-A_0_VO_AMM-CONCERT-NEXT_XQ.15TFd7zno6.smil/segment21_1_av.ts,1576430289.884,1576430291.052,20,1.1480000000000001,3345460,23.313310104529613,0,0,10.080333,202.62,212.7,3,2634134.0,100.0
22,https://arteconcert-vh.akamaihd.net/i/am/concert/087000/087000/087076-003-A_0_VO_AMM-CONCERT-NEXT_XQ.15TFd7zno6.smil/segment22_1_av.ts,1576430299.875,1576430300.6,21,0.591,2662644,36.04255837563451,0,0,10.115,212.7,222.82,3,2104856.0,100.0
23,https://arteconcert-vh.akamaihd.net/i/am/concert/087000/087000/087076-003-A_0_VO_AMM-CONCERT-NEXT_XQ.15TFd7zno6.smil/segment23_1_av.ts,1576430309.877,1576430311.112,22,1.217,3026612,19.8955595727198,0,0,10.109667,222.81,232.92,3,2404537.0,100.0
24,https://arteconcert-vh.akamaihd.net/i/am/concert/087000/087000/087076-003-A_0_VO_AMM-CONCERT-NEXT_XQ.15TFd7zno6.smil/segment24_1_av.ts,1576430319.875,1576430321.227,23,1.327,3468788,20.912060286360212,0,0,10.184333,232.92,243.1,3,2724803.0,100.0
25,https://arteconcert-vh.akamaihd.net/i/am/concert/087000/087000/087076-003-A_0_VO_AMM-CONCERT-NEXT_XQ.15TFd7zno6.smil/segment25_1_av.ts,1576430329.877,1576430332.042,24,2.04,3228148,12.659403921568627,0,0,10.080333,243.11,253.19,3,2561937.0,100.0
26,https://arteconcert-vh.akamaihd.net/i/am/concert/087000/087000/087076-003-A_0_VO_AMM-CONCERT-NEXT_XQ.15TFd7zno6.smil/segment26_1_av.ts,1576430339.877,1576430341.153,25,1.163,3420660,23.529905417024935,0,0,10.195,253.19,263.38,3,2684186.0,100.0
27,https://arteconcert-vh.akamaihd.net/i/am/concert/087000/087000/087076-003-A_0_VO_AMM-CONCERT-NEXT_XQ.15TFd7zno6.smil/segment27_1_av.ts,1576430349.88,1576430350.4910002,26,0.59,2804020,38.020610169491526,0,0,10.069666999999999,263.38,273.45,3,2227696.0,100.0
28,https://arteconcert-vh.akamaihd.net/i/am/concert/087000/087000/087076-003-A_0_VO_AMM-CONCERT-NEXT_XQ.15TFd7zno6.smil/segment28_1_av.ts,1576430359.875,1576430360.335,27,0.442,2725812,49.33596380090498,0,0,10.064333,273.45,283.51,3,2166710.0,100.0
29,https://arteconcert-vh.akamaihd.net/i/am/concert/087000/087000/087076-003-A_0_VO_AMM-CONCERT-NEXT_XQ.15TFd7zno6.smil/segment29_1_av.ts,1576430369.874,1576430370.3630002,28,0.435,2740852,50.40647356321839,0,0,10.080333,283.52,293.6,3,2175207.0,100.0
30,https://arteconcert-vh.akamaihd.net/i/am/concert/087000/087000/087076-003-A_0_VO_AMM-CONCERT-NEXT_XQ.15TFd7zno6.smil/segment30_1_av.ts,1576430379.874,1576430380.681,29,0.5660000000000001,2731828,38.612409893992925,0,0,10.075,293.6,303.68,3,2169193.0,100.0
31,https://arteconcert-vh.akamaihd.net/i/am/concert/087000/087000/087076-003-A_0_VO_AMM-CONCERT-NEXT_XQ.15TFd7zno6.smil/segment31_1_av.ts,1576430389.877,1576430390.755,30,0.7010000000000001,2767924,31.5882910128388,0,0,10.069666999999999,303.67,313.74,3,2199019.0,100.0
32,https://arteconcert-vh.akamaihd.net/i/am/concert/087000/087000/087076-003-A_0_VO_AMM-CONCERT-NEXT_XQ.15TFd7zno6.smil/segment32_1_av.ts,1576430399.874,1576430400.484,31,0.593,2725436,36.76810792580101,0,0,10.104333,313.74,323.84,3,2157835.0,100.0
33,https://arteconcert-vh.akamaihd.net/i/am/concert/087000/087000/087076-003-A_0_VO_AMM-CONCERT-NEXT_XQ.15TFd7zno6.smil/segment33_1_av.ts,1576430409.875,1576430410.522,32,0.628,3577452,45.57263694267515,0,0,10.120333,323.85,333.97,3,2827932.0,100.0
34,https://arteconcert-vh.akamaihd.net/i/am/concert/087000/087000/087076-003-A_0_VO_AMM-CONCERT-NEXT_XQ.15TFd7zno6.smil/segment34_1_av.ts,1576430419.875,1576430420.484,33,0.562,2551348,36.31812099644128,0,0,10.075,333.97,344.04,3,2025884.0,100.0
35,https://arteconcert-vh.akamaihd.net/i/am/concert/087000/087000/087076-003-A_0_VO_AMM-CONCERT-NEXT_XQ.15TFd7zno6.smil/segment35_1_av.ts,1576430429.873,1576430430.4359999,34,0.491,3201076,52.15602443991853,0,0,10.149666999999999,344.04,354.19,3,2523098.0,100.0
36,https://arteconcert-vh.akamaihd.net/i/am/concert/087000/087000/087076-003-A_0_VO_AMM-CONCERT-NEXT_XQ.15TFd7zno6.smil/segment36_1_av.ts,1576430439.874,1576430440.4950001,35,0.419,2758900,52.67589498806682,0,0,10.12,354.19,364.31,3,2180948.0,100.0
37,https://arteconcert-vh.akamaihd.net/i/am/concert/087000/087000/087076-003-A_0_VO_AMM-CONCERT-NEXT_XQ.15TFd7zno6.smil/segment37_1_av.ts,1576430449.873,1576430450.3809998,36,0.491,3180772,51.82520570264765,0,0,10.080333,364.31,374.39,3,2524338.0,100.0
38,https://arteconcert-vh.akamaihd.net/i/am/concert/087000/087000/087076-003-A_0_VO_AMM-CONCERT-NEXT_XQ.15TFd7zno6.smil/segment38_1_av.ts,1576430459.874,1576430461.559,37,1.657,3201076,15.454802655401327,0,0,10.075,374.39,384.46,3,2541797.0,100.0
39,https://arteconcert-vh.akamaihd.net/i/am/concert/087000/087000/087076-003-A_0_VO_AMM-CONCERT-NEXT_XQ.15TFd7zno6.smil/segment39_1_av.ts,1576430469.873,1576430470.4929998,38,0.524,2744236,41.89673282442748,0,0,10.149666999999999,384.47,394.62,3,2163015.0,100.0
40,https://arteconcert-vh.akamaihd.net/i/am/concert/087000/087000/087076-003-A_0_VO_AMM-CONCERT-NEXT_XQ.15TFd7zno6.smil/segment40_1_av.ts,1576430479.873,1576430481.135,39,1.248,2924716,18.748179487179485,0,0,10.08,394.62,404.7,3,2312028.0,100.0
41,https://arteconcert-vh.akamaihd.net/i/am/concert/087000/087000/087076-003-A_0_VO_AMM-CONCERT-NEXT_XQ.15TFd7zno6.smil/segment41_1_av.ts,1576430489.873,1576430491.115,40,1.229,3237172,21.071908868999184,0,0,10.160333,404.7,414.86,3,2548870.0,100.0
42,https://arteconcert-vh.akamaihd.net/i/am/concert/087000/087000/087076-003-A_0_VO_AMM-CONCERT-NEXT_XQ.15TFd7zno6.smil/segment42_1_av.ts,1576430499.873,1576430502.277,41,2.266,2813420,9.932639011473961,0,0,10.12,414.86,424.98,3,2224047.0,100.0
43,https://arteconcert-vh.akamaihd.net/i/am/concert/087000/087000/087076-003-A_0_VO_AMM-CONCERT-NEXT_XQ.15TFd7zno6.smil/segment43_1_av.ts,1576430509.874,1576430511.18,42,1.059,2902908,21.929427762039662,0,0,10.149666999999999,424.98,435.13,3,2288081.0,100.0
44,https://arteconcert-vh.akamaihd.net/i/am/concert/087000/087000/087076-003-A_0_VO_AMM-CONCERT-NEXT_XQ.15TFd7zno6.smil/segment44_1_av.ts,1576430519.874,1576430521.4620001,43,1.407,3174380,18.04906894100924,0,0,10.08,435.13,445.21,3,2519349.0,100.0
45,https://arteconcert-vh.akamaihd.net/i/am/concert/087000/087000/087076-003-A_0_VO_AMM-CONCERT-NEXT_XQ.15TFd7zno6.smil/segment45_1_av.ts,1576430529.874,1576430530.4420002,44,0.545,3078124,45.18347155963302,0,0,10.200333,445.21,455.41,3,2414136.0,100.0
46,https://arteconcert-vh.akamaihd.net/i/am/concert/087000/087000/087076-003-A_0_VO_AMM-CONCERT-NEXT_XQ.15TFd7zno6.smil/segment46_1_av.ts,1576430539.873,1576430540.2849998,45,0.394,2843500,57.73604060913705,0,0,10.115,455.41,465.52,3,2248937.0,100.0
