,url,timestamp_start,timestamp_finish,n_segment,t_download_s,body_size_byte,bandwidth_mbit,byte_start,byte_end,seg_len_s,t_start,t_end,quality_level_chosen,bitrate_level,vmaf_level,bitrate_level_encoded
0,https://arteptweb-vh.akamaihd.net/i/am/ptweb/051000/051400/051493-028-A_0_VO-STE%5BANG%5D_AMM-PTWEB_XQ.nAXJm3WbT.smil/segment1_3_av.ts,1572165498.9970002,1572165504.6929998,0,5.6389999999999985,999220,1.4175846781344208,0,0,10.200333,0.0,10.2,0,798949.0,15.031396720647777,396429.91891891893
1,https://arteptweb-vh.akamaihd.net/i/am/ptweb/051000/051400/051493-028-A_0_VO-STE%5BANG%5D_AMM-PTWEB_XQ.nAXJm3WbT.smil/segment2_2_av.ts,1572165504.79,1572165510.952,1,6.101,1081188,1.417719062448779,0,0,10.195,10.2,20.4,1,848406.0,44.57738754098362,975400.5945945946
2,https://arteptweb-vh.akamaihd.net/i/am/ptweb/051000/051400/051493-028-A_0_VO-STE%5BANG%5D_AMM-PTWEB_XQ.nAXJm3WbT.smil/segment2_3_av.ts,1572165510.994,1572165513.439,1,2.435,443492,1.4570579055441475,0,0,10.195,10.2,20.4,0,354427.0,1.9310336585365848,396429.91891891893
3,https://arteptweb-vh.akamaihd.net/i/am/ptweb/051000/051400/051493-028-A_0_VO-STE%5BANG%5D_AMM-PTWEB_XQ.nAXJm3WbT.smil/segment1_3_av.ts,1572165513.471,1572165518.905,0,5.421,999220,1.4745914038000367,0,0,10.200333,0.0,10.2,0,798949.0,15.031396720647777,396429.91891891893
4,https://arteptweb-vh.akamaihd.net/i/am/ptweb/051000/051400/051493-028-A_0_VO-STE%5BANG%5D_AMM-PTWEB_XQ.nAXJm3WbT.smil/segment2_3_av.ts,1572165518.934,1572165521.6279998,1,2.682,443492,1.322869500372856,0,0,10.195,10.2,20.4,0,354427.0,1.9310336585365848,396429.91891891893
5,https://arteptweb-vh.akamaihd.net/i/am/ptweb/051000/051400/051493-028-A_0_VO-STE%5BANG%5D_AMM-PTWEB_XQ.nAXJm3WbT.smil/segment3_3_av.ts,1572165521.663,1572165524.1320002,2,2.459,458156,1.4905441236274906,0,0,10.069666999999999,20.4,30.47,0,368354.0,0.9144586234817814,396429.91891891893
6,https://arteptweb-vh.akamaihd.net/i/am/ptweb/051000/051400/051493-028-A_0_VO-STE%5BANG%5D_AMM-PTWEB_XQ.nAXJm3WbT.smil/segment4_2_av.ts,1572165524.159,1572165529.6629999,3,5.494,1029300,1.4987986894794318,0,0,10.184333,30.46,40.64,1,839252.0,53.35834012295077,975400.5945945946
7,https://arteptweb-vh.akamaihd.net/i/am/ptweb/051000/051400/051493-028-A_0_VO-STE%5BANG%5D_AMM-PTWEB_XQ.nAXJm3WbT.smil/segment5_2_av.ts,1572165529.709,1572165536.2240002,4,6.504,1201132,1.4774071340713404,0,0,10.120333,40.65,50.77,1,949480.0,60.12447254098358,975400.5945945946
8,https://arteptweb-vh.akamaihd.net/i/am/ptweb/051000/051400/051493-028-A_0_VO-STE%5BANG%5D_AMM-PTWEB_XQ.nAXJm3WbT.smil/segment6_2_av.ts,1572165536.2570002,1572165544.643,5,8.374,1541412,1.4725693814186769,0,0,10.075,50.77,60.84,1,1219173.0,54.71605312757203,975400.5945945946
9,https://arteptweb-vh.akamaihd.net/i/am/ptweb/051000/051400/051493-028-A_0_VO-STE%5BANG%5D_AMM-PTWEB_XQ.nAXJm3WbT.smil/segment7_2_av.ts,1572165544.704,1572165551.065,6,6.3500000000000005,1149996,1.4488138582677164,0,0,10.109667,60.84,70.95,1,898115.0,44.92063278688522,975400.5945945946
10,https://arteptweb-vh.akamaihd.net/i/am/ptweb/051000/051400/051493-028-A_0_VO-STE%5BANG%5D_AMM-PTWEB_XQ.nAXJm3WbT.smil/segment8_2_av.ts,1572165553.7610002,1572165561.311,7,7.5390000000000015,1381988,1.4664947605783258,0,0,10.184333,70.95,81.13,1,1092668.0,53.809954180327864,975400.5945945946
11,https://arteptweb-vh.akamaihd.net/i/am/ptweb/051000/051400/051493-028-A_0_VO-STE%5BANG%5D_AMM-PTWEB_XQ.nAXJm3WbT.smil/segment9_2_av.ts,1572165563.7610002,1572165570.448,8,6.676,1252268,1.5006207309766326,0,0,10.120333,81.14,91.26,1,978013.0,59.10404662551444,975400.5945945946
12,https://arteptweb-vh.akamaihd.net/i/am/ptweb/051000/051400/051493-028-A_0_VO-STE%5BANG%5D_AMM-PTWEB_XQ.nAXJm3WbT.smil/segment10_2_av.ts,1572165573.762,1572165579.5140002,9,5.7410000000000005,1068780,1.4893293851245424,0,0,10.195,91.26,101.46,1,770219.0,43.28912491803277,975400.5945945946
13,https://arteptweb-vh.akamaihd.net/i/am/ptweb/051000/051400/051493-028-A_0_VO-STE%5BANG%5D_AMM-PTWEB_XQ.nAXJm3WbT.smil/segment11_2_av.ts,1572165583.7610002,1572165591.0029998,10,7.231,1354540,1.4985921725902362,0,0,10.149666999999999,101.45,111.6,1,1115071.0,35.61565979508197,975400.5945945946
14,https://arteptweb-vh.akamaihd.net/i/am/ptweb/051000/051400/051493-028-A_0_VO-STE%5BANG%5D_AMM-PTWEB_XQ.nAXJm3WbT.smil/segment12_2_av.ts,1572165593.7610002,1572165599.6260002,11,5.854,1078556,1.4739405534677141,0,0,10.12,111.6,121.72,1,888281.0,45.689992868852435,975400.5945945946
15,https://arteptweb-vh.akamaihd.net/i/am/ptweb/051000/051400/051493-028-A_0_VO-STE%5BANG%5D_AMM-PTWEB_XQ.nAXJm3WbT.smil/segment13_2_av.ts,1572165603.7610002,1572165610.1260002,12,6.353,1165412,1.4675422634975601,0,0,10.080333,121.72,131.8,1,927286.0,32.61799736625515,975400.5945945946
16,https://arteptweb-vh.akamaihd.net/i/am/ptweb/051000/051400/051493-028-A_0_VO-STE%5BANG%5D_AMM-PTWEB_XQ.nAXJm3WbT.smil/segment14_2_av.ts,1572165613.762,1572165618.849,13,5.077,945452,1.489780579082135,0,0,10.155,131.8,141.96,1,751629.0,33.385192049180354,975400.5945945946
17,https://arteptweb-vh.akamaihd.net/i/am/ptweb/051000/051400/051493-028-A_0_VO-STE%5BANG%5D_AMM-PTWEB_XQ.nAXJm3WbT.smil/segment15_2_av.ts,1572165623.7610002,1572165631.3820002,14,7.5870000000000015,1380860,1.4560274153156716,0,0,10.16,141.96,152.12,1,1080185.0,47.66073163934431,975400.5945945946
18,https://arteptweb-vh.akamaihd.net/i/am/ptweb/051000/051400/051493-028-A_0_VO-STE%5BANG%5D_AMM-PTWEB_XQ.nAXJm3WbT.smil/segment16_2_av.ts,1572165633.7610002,1572165640.9859998,15,7.211,1322204,1.466874497295798,0,0,10.064333,152.12,162.18,1,997642.0,47.44423312757201,975400.5945945946
19,https://arteptweb-vh.akamaihd.net/i/am/ptweb/051000/051400/051493-028-A_0_VO-STE%5BANG%5D_AMM-PTWEB_XQ.nAXJm3WbT.smil/segment17_2_av.ts,1572165643.762,1572165651.6880002,16,7.9140000000000015,1450420,1.4661814505938842,0,0,10.080333,162.18,172.26,1,1012630.0,39.45614168032786,975400.5945945946
20,https://arteptweb-vh.akamaihd.net/i/am/ptweb/051000/051400/051493-028-A_0_VO-STE%5BANG%5D_AMM-PTWEB_XQ.nAXJm3WbT.smil/segment18_2_av.ts,1572165653.762,1572165659.9529998,17,6.18,1149996,1.4886679611650486,0,0,10.195,172.26,182.46,1,923643.0,41.322867786885226,975400.5945945946
21,https://arteptweb-vh.akamaihd.net/i/am/ptweb/051000/051400/051493-028-A_0_VO-STE%5BANG%5D_AMM-PTWEB_XQ.nAXJm3WbT.smil/segment19_2_av.ts,1572165663.7610002,1572165669.911,18,6.1370000000000005,1115028,1.4535153984031284,0,0,10.069666999999999,182.46,192.53,1,909748.0,31.35233794238683,975400.5945945946
22,https://arteptweb-vh.akamaihd.net/i/am/ptweb/051000/051400/051493-028-A_0_VO-STE%5BANG%5D_AMM-PTWEB_XQ.nAXJm3WbT.smil/segment20_2_av.ts,1572165673.7610002,1572165681.242,19,7.466,1354540,1.4514224484328957,0,0,10.144333,192.53,202.67,1,1045975.0,59.1235343032787,975400.5945945946
23,https://arteptweb-vh.akamaihd.net/i/am/ptweb/051000/051400/051493-028-A_0_VO-STE%5BANG%5D_AMM-PTWEB_XQ.nAXJm3WbT.smil/segment21_2_av.ts,1572165683.7610002,1572165691.931,20,8.157,1459820,1.4317224469780556,0,0,10.080333,202.67,212.75,1,1158549.0,56.40790643442622,975400.5945945946
24,https://arteptweb-vh.akamaihd.net/i/am/ptweb/051000/051400/051493-028-A_0_VO-STE%5BANG%5D_AMM-PTWEB_XQ.nAXJm3WbT.smil/segment22_2_av.ts,1572165693.7610002,1572165701.9269998,21,8.152000000000001,1456436,1.4292796859666337,0,0,10.195,212.75,222.94,1,1164106.0,68.03673286885247,975400.5945945946
25,https://arteptweb-vh.akamaihd.net/i/am/ptweb/051000/051400/051493-028-A_0_VO-STE%5BANG%5D_AMM-PTWEB_XQ.nAXJm3WbT.smil/segment23_2_av.ts,1572165703.762,1572165710.551,22,6.7780000000000005,1249260,1.474488049572145,0,0,10.189667,222.95,233.14,1,1063461.0,57.81651222222222,975400.5945945946
26,https://arteptweb-vh.akamaihd.net/i/am/ptweb/051000/051400/051493-028-A_0_VO-STE%5BANG%5D_AMM-PTWEB_XQ.nAXJm3WbT.smil/segment24_2_av.ts,1572165713.7610002,1572165718.937,23,5.167000000000002,969892,1.5016713760402556,0,0,10.064333,233.14,243.2,1,809210.0,39.37487819672136,975400.5945945946
27,https://arteptweb-vh.akamaihd.net/i/am/ptweb/051000/051400/051493-028-A_0_VO-STE%5BANG%5D_AMM-PTWEB_XQ.nAXJm3WbT.smil/segment25_2_av.ts,1572165723.7610002,1572165729.9199998,24,6.148,1139844,1.4832062459336368,0,0,10.120333,243.2,253.32,1,839804.0,58.061399262295076,975400.5945945946
28,https://arteptweb-vh.akamaihd.net/i/am/ptweb/051000/051400/051493-028-A_0_VO-STE%5BANG%5D_AMM-PTWEB_XQ.nAXJm3WbT.smil/segment26_2_av.ts,1572165733.762,1572165741.995,25,8.218,1489900,1.450377220734972,0,0,10.115,253.32,263.44,1,1218812.0,54.648415720164614,975400.5945945946
29,https://arteptweb-vh.akamaihd.net/i/am/ptweb/051000/051400/051493-028-A_0_VO-STE%5BANG%5D_AMM-PTWEB_XQ.nAXJm3WbT.smil/segment27_2_av.ts,1572165743.762,1572165750.4150002,26,6.644,1213540,1.4612161348585186,0,0,10.149666999999999,263.44,273.59,1,965999.0,53.4098855737705,975400.5945945946
30,https://arteptweb-vh.akamaihd.net/i/am/ptweb/051000/051400/051493-028-A_0_VO-STE%5BANG%5D_AMM-PTWEB_XQ.nAXJm3WbT.smil/segment28_2_av.ts,1572165753.765,1572165760.133,27,6.352,1186092,1.4938186397984885,0,0,10.2,273.59,283.79,1,934986.0,41.635117295081976,975400.5945945946
31,https://arteptweb-vh.akamaihd.net/i/am/ptweb/051000/051400/051493-028-A_0_VO-STE%5BANG%5D_AMM-PTWEB_XQ.nAXJm3WbT.smil/segment29_2_av.ts,1572165763.7610002,1572165770.3720002,28,6.603,1230836,1.491244585794336,0,0,10.120333,283.79,293.91,1,975338.0,41.12577753086421,975400.5945945946
32,https://arteptweb-vh.akamaihd.net/i/am/ptweb/051000/051400/051493-028-A_0_VO-STE%5BANG%5D_AMM-PTWEB_XQ.nAXJm3WbT.smil/segment30_2_av.ts,1572165773.7610002,1572165780.6239998,29,6.843,1282348,1.4991646938477277,0,0,10.075,293.91,303.98,1,1013464.0,44.78776139344262,975400.5945945946
33,https://arteptweb-vh.akamaihd.net/i/am/ptweb/051000/051400/051493-028-A_0_VO-STE%5BANG%5D_AMM-PTWEB_XQ.nAXJm3WbT.smil/segment31_2_av.ts,1572165783.762,1572165791.052,30,7.2810000000000015,1342508,1.4750808954813897,0,0,10.069666999999999,303.98,314.05,1,1054328.0,27.93317930327869,975400.5945945946
34,https://arteptweb-vh.akamaihd.net/i/am/ptweb/051000/051400/051493-028-A_0_VO-STE%5BANG%5D_AMM-PTWEB_XQ.nAXJm3WbT.smil/segment32_2_av.ts,1572165793.7629998,1572165799.77,31,5.9990000000000006,1095852,1.4613795632605433,0,0,10.104333,314.05,324.15,1,896207.0,58.633551975308656,975400.5945945946
35,https://arteptweb-vh.akamaihd.net/i/am/ptweb/051000/051400/051493-028-A_0_VO-STE%5BANG%5D_AMM-PTWEB_XQ.nAXJm3WbT.smil/segment33_2_av.ts,1572165803.762,1572165810.506,32,6.735,1253020,1.4883682256867112,0,0,10.080333,324.16,334.24,1,1025461.0,47.50661336065573,975400.5945945946
36,https://arteptweb-vh.akamaihd.net/i/am/ptweb/051000/051400/051493-028-A_0_VO-STE%5BANG%5D_AMM-PTWEB_XQ.nAXJm3WbT.smil/segment34_2_av.ts,1572165813.7610002,1572165821.1799998,33,7.41,1353788,1.4615794871794872,0,0,10.155,334.24,344.4,1,1045172.0,33.995725819672124,975400.5945945946
37,https://arteptweb-vh.akamaihd.net/i/am/ptweb/051000/051400/051493-028-A_0_VO-STE%5BANG%5D_AMM-PTWEB_XQ.nAXJm3WbT.smil/segment35_2_av.ts,1572165823.7610002,1572165830.5419998,34,6.772,1247380,1.4735735380980506,0,0,10.16,344.39,354.55,1,927713.0,56.59032700819668,975400.5945945946
38,https://arteptweb-vh.akamaihd.net/i/am/ptweb/051000/051400/051493-028-A_0_VO-STE%5BANG%5D_AMM-PTWEB_XQ.nAXJm3WbT.smil/segment36_2_av.ts,1572165833.7629998,1572165849.545,35,15.775,1197372,0.6072251030110934,0,0,10.184333,354.55,364.73,1,952374.0,67.24949818930043,975400.5945945946
39,https://arteptweb-vh.akamaihd.net/i/am/ptweb/051000/051400/051493-028-A_0_VO-STE%5BANG%5D_AMM-PTWEB_XQ.nAXJm3WbT.smil/segment37_3_av.ts,1572165849.572,1572165849.718,36,0.108,12972,0.9608888888888888,0,0,0.76,364.74,365.5,0,152611.0,8.107462601626015,396429.91891891893
