,url,timestamp_start,timestamp_finish,n_segment,t_download_s,body_size_byte,bandwidth_mbit,byte_start,byte_end,seg_len_s,t_start,t_end,quality_level_chosen,bitrate_level,vmaf_level,bitrate_level_encoded
0,https://arteptweb-vh.akamaihd.net/i/am/ptweb/051000/051400/051493-028-A_0_VO-STE%5BANG%5D_AMM-PTWEB_XQ.nAXJm3WbT.smil/segment1_3_av.ts,1572043514.424,1572043520.783,0,6.2879999999999985,999220,1.2712722646310433,0,0,10.200333,0.0,10.2,0,798949.0,15.031396720647777,396429.91891891893
1,https://arteptweb-vh.akamaihd.net/i/am/ptweb/051000/051400/051493-028-A_0_VO-STE%5BANG%5D_AMM-PTWEB_XQ.nAXJm3WbT.smil/segment2_3_av.ts,1572043520.8779998,1572043523.877,1,2.967,443492,1.1957991236939671,0,0,10.195,10.2,20.4,0,354427.0,1.9310336585365848,396429.91891891893
2,https://arteptweb-vh.akamaihd.net/i/am/ptweb/051000/051400/051493-028-A_0_VO-STE%5BANG%5D_AMM-PTWEB_XQ.nAXJm3WbT.smil/segment3_3_av.ts,1572043523.909,1572043526.701,2,2.782,458156,1.317486700215672,0,0,10.069666999999999,20.4,30.47,0,368354.0,0.9144586234817814,396429.91891891893
3,https://arteptweb-vh.akamaihd.net/i/am/ptweb/051000/051400/051493-028-A_0_VO-STE%5BANG%5D_AMM-PTWEB_XQ.nAXJm3WbT.smil/segment4_3_av.ts,1572043526.724,1572043529.9689999,3,3.235,538996,1.332911282843895,0,0,10.184333,30.46,40.64,0,450448.0,0.2563781376518219,396429.91891891893
4,https://arteptweb-vh.akamaihd.net/i/am/ptweb/051000/051400/051493-028-A_0_VO-STE%5BANG%5D_AMM-PTWEB_XQ.nAXJm3WbT.smil/segment5_3_av.ts,1572043535.9829998,1572043539.3639998,4,3.3710000000000004,494252,1.1729504598042124,0,0,10.120333,40.65,50.77,0,397595.0,2.732242764227641,396429.91891891893
5,https://arteptweb-vh.akamaihd.net/i/am/ptweb/051000/051400/051493-028-A_0_VO-STE%5BANG%5D_AMM-PTWEB_XQ.nAXJm3WbT.smil/segment6_3_av.ts,1572043545.98,1572043550.92,5,4.9289999999999985,948836,1.5400056806654492,0,0,10.075,50.77,60.84,0,755881.0,4.154699109311742,396429.91891891893
6,https://arteptweb-vh.akamaihd.net/i/am/ptweb/051000/051400/051493-028-A_0_VO-STE%5BANG%5D_AMM-PTWEB_XQ.nAXJm3WbT.smil/segment7_3_av.ts,1572043555.981,1572043558.006,6,2.013,352876,1.4023884749130648,0,0,10.109667,60.84,70.95,0,281859.0,2.2797441056910577,396429.91891891893
7,https://arteptweb-vh.akamaihd.net/i/am/ptweb/051000/051400/051493-028-A_0_VO-STE%5BANG%5D_AMM-PTWEB_XQ.nAXJm3WbT.smil/segment8_3_av.ts,1572043565.981,1572043568.032,7,2.0420000000000003,401380,1.572497551420176,0,0,10.184333,70.95,81.13,0,330729.0,3.8818224696356256,396429.91891891893
8,https://arteptweb-vh.akamaihd.net/i/am/ptweb/051000/051400/051493-028-A_0_VO-STE%5BANG%5D_AMM-PTWEB_XQ.nAXJm3WbT.smil/segment9_2_av.ts,1572043576.016,1572043583.101,8,6.9689999999999985,1252268,1.4375296312239918,0,0,10.120333,81.14,91.26,1,978013.0,59.10404662551444,975400.5945945946
9,https://arteptweb-vh.akamaihd.net/i/am/ptweb/051000/051400/051493-028-A_0_VO-STE%5BANG%5D_AMM-PTWEB_XQ.nAXJm3WbT.smil/segment8_2_av.ts,1572043583.141,1572043590.968,7,7.767,1381988,1.4234458606926743,0,0,10.184333,70.95,81.13,1,1092668.0,53.809954180327864,975400.5945945946
10,https://arteptweb-vh.akamaihd.net/i/am/ptweb/051000/051400/051493-028-A_0_VO-STE%5BANG%5D_AMM-PTWEB_XQ.nAXJm3WbT.smil/segment9_2_av.ts,1572043591.01,1572043601.091,8,10.07,1252268,0.9948504468718966,0,0,10.120333,81.14,91.26,1,978013.0,59.10404662551444,975400.5945945946
11,https://arteptweb-vh.akamaihd.net/i/am/ptweb/051000/051400/051493-028-A_0_VO-STE%5BANG%5D_AMM-PTWEB_XQ.nAXJm3WbT.smil/segment10_3_av.ts,1572043601.125,1572043604.232,9,3.0980000000000003,292716,0.7558837959974176,0,0,10.195,91.26,101.46,0,243546.0,0.4843274390243903,396429.91891891893
12,https://arteptweb-vh.akamaihd.net/i/am/ptweb/051000/051400/051493-028-A_0_VO-STE%5BANG%5D_AMM-PTWEB_XQ.nAXJm3WbT.smil/segment9_3_av.ts,1572043604.2470002,1572043608.359,8,4.096,506284,0.9888359375,0,0,10.120333,81.14,91.26,0,404811.0,5.9219492712550625,396429.91891891893
13,https://arteptweb-vh.akamaihd.net/i/am/ptweb/051000/051400/051493-028-A_0_VO-STE%5BANG%5D_AMM-PTWEB_XQ.nAXJm3WbT.smil/segment10_3_av.ts,1572043608.3779998,1572043611.6560001,9,3.2680000000000002,292716,0.7165630354957159,0,0,10.195,91.26,101.46,0,243546.0,0.4843274390243903,396429.91891891893
14,https://arteptweb-vh.akamaihd.net/i/am/ptweb/051000/051400/051493-028-A_0_VO-STE%5BANG%5D_AMM-PTWEB_XQ.nAXJm3WbT.smil/segment11_3_av.ts,1572043611.6829998,1572043614.562,10,2.87,331820,0.9249337979094076,0,0,10.149666999999999,101.45,111.6,0,279456.0,0.11316222672064775,396429.91891891893
15,https://arteptweb-vh.akamaihd.net/i/am/ptweb/051000/051400/051493-028-A_0_VO-STE%5BANG%5D_AMM-PTWEB_XQ.nAXJm3WbT.smil/segment12_3_av.ts,1572043614.583,1572043617.1520002,11,2.56,296476,0.9264875,0,0,10.12,111.6,121.72,0,239587.0,0.4203649593495935,396429.91891891893
16,https://arteptweb-vh.akamaihd.net/i/am/ptweb/051000/051400/051493-028-A_0_VO-STE%5BANG%5D_AMM-PTWEB_XQ.nAXJm3WbT.smil/segment13_3_av.ts,1572043617.165,1572043620.867,12,3.693,482596,1.0454286487950175,0,0,10.080333,121.72,131.8,0,330553.0,0.0,396429.91891891893
17,https://arteptweb-vh.akamaihd.net/i/am/ptweb/051000/051400/051493-028-A_0_VO-STE%5BANG%5D_AMM-PTWEB_XQ.nAXJm3WbT.smil/segment14_3_av.ts,1572043625.98,1572043628.641,13,2.652,388972,1.173369532428356,0,0,10.155,131.8,141.96,0,315664.0,0.0,396429.91891891893
18,https://arteptweb-vh.akamaihd.net/i/am/ptweb/051000/051400/051493-028-A_0_VO-STE%5BANG%5D_AMM-PTWEB_XQ.nAXJm3WbT.smil/segment15_3_av.ts,1572043635.98,1572043646.427,14,10.433,457404,0.3507363174542317,0,0,10.16,141.96,152.12,0,365350.0,0.7505008943089432,396429.91891891893
19,https://arteptweb-vh.akamaihd.net/i/am/ptweb/051000/051400/051493-028-A_0_VO-STE%5BANG%5D_AMM-PTWEB_XQ.nAXJm3WbT.smil/segment16_3_av.ts,1572043646.4429998,1572043650.89,15,4.439,443492,0.7992646992565893,0,0,10.064333,152.12,162.18,0,359606.0,2.186031740890688,396429.91891891893
20,https://arteptweb-vh.akamaihd.net/i/am/ptweb/051000/051400/051493-028-A_0_VO-STE%5BANG%5D_AMM-PTWEB_XQ.nAXJm3WbT.smil/segment17_3_av.ts,1572043655.98,1572043659.274,16,3.286,490868,1.1950529519172246,0,0,10.080333,162.18,172.26,0,382864.0,0.0010202024291497977,396429.91891891893
21,https://arteptweb-vh.akamaihd.net/i/am/ptweb/051000/051400/051493-028-A_0_VO-STE%5BANG%5D_AMM-PTWEB_XQ.nAXJm3WbT.smil/segment18_3_av.ts,1572043665.98,1572043668.947,17,2.96,443116,1.1976108108108108,0,0,10.195,172.26,182.46,0,349319.0,0.11593036585365853,396429.91891891893
22,https://arteptweb-vh.akamaihd.net/i/am/ptweb/051000/051400/051493-028-A_0_VO-STE%5BANG%5D_AMM-PTWEB_XQ.nAXJm3WbT.smil/segment19_3_av.ts,1572043675.98,1572043678.294,18,2.298,417172,1.4522959094865102,0,0,10.069666999999999,182.46,192.53,0,340423.0,0.4433948987854249,396429.91891891893
23,https://arteptweb-vh.akamaihd.net/i/am/ptweb/051000/051400/051493-028-A_0_VO-STE%5BANG%5D_AMM-PTWEB_XQ.nAXJm3WbT.smil/segment20_3_av.ts,1572043685.98,1572043691.44,19,5.4510000000000005,702180,1.03053384700055,0,0,10.144333,192.53,202.67,0,549110.0,0.31102243902439025,396429.91891891893
24,https://arteptweb-vh.akamaihd.net/i/am/ptweb/051000/051400/051493-028-A_0_VO-STE%5BANG%5D_AMM-PTWEB_XQ.nAXJm3WbT.smil/segment21_3_av.ts,1572043695.98,1572043702.036,20,6.047999999999999,870252,1.1511269841269842,0,0,10.080333,202.67,212.75,0,695830.0,0.9957501619433196,396429.91891891893
25,https://arteptweb-vh.akamaihd.net/i/am/ptweb/051000/051400/051493-028-A_0_VO-STE%5BANG%5D_AMM-PTWEB_XQ.nAXJm3WbT.smil/segment22_3_av.ts,1572043705.98,1572043711.0979998,21,5.11,728500,1.1405088062622308,0,0,10.195,212.75,222.94,0,584602.0,3.490931902834008,396429.91891891893
26,https://arteptweb-vh.akamaihd.net/i/am/ptweb/051000/051400/051493-028-A_0_VO-STE%5BANG%5D_AMM-PTWEB_XQ.nAXJm3WbT.smil/segment23_3_av.ts,1572043715.981,1572043722.4970002,22,6.509,602540,0.7405622983561222,0,0,10.189667,222.95,233.14,0,476472.0,0.5195974390243902,396429.91891891893
27,https://arteptweb-vh.akamaihd.net/i/am/ptweb/051000/051400/051493-028-A_0_VO-STE%5BANG%5D_AMM-PTWEB_XQ.nAXJm3WbT.smil/segment24_3_av.ts,1572043725.98,1572043734.062,23,8.068,341220,0.3383440753594447,0,0,10.064333,233.14,243.2,0,268163.0,0.6468973279352226,396429.91891891893
28,https://arteptweb-vh.akamaihd.net/i/am/ptweb/051000/051400/051493-028-A_0_VO-STE%5BANG%5D_AMM-PTWEB_XQ.nAXJm3WbT.smil/segment25_3_av.ts,1572043735.981,1572043738.2670002,24,2.28,294972,1.0349894736842105,0,0,10.120333,243.2,253.32,0,209696.0,0.14727630081300813,396429.91891891893
29,https://arteptweb-vh.akamaihd.net/i/am/ptweb/051000/051400/051493-028-A_0_VO-STE%5BANG%5D_AMM-PTWEB_XQ.nAXJm3WbT.smil/segment26_3_av.ts,1572043745.98,1572043754.311,25,8.325,485228,0.4662851651651652,0,0,10.115,253.32,263.44,0,428648.0,0.9200370850202428,396429.91891891893
30,https://arteptweb-vh.akamaihd.net/i/am/ptweb/051000/051400/051493-028-A_0_VO-STE%5BANG%5D_AMM-PTWEB_XQ.nAXJm3WbT.smil/segment27_3_av.ts,1572043755.98,1572043759.34,26,3.352,431460,1.0297374701670643,0,0,10.149666999999999,263.44,273.59,0,344628.0,0.18456388663967607,396429.91891891893
31,https://arteptweb-vh.akamaihd.net/i/am/ptweb/051000/051400/051493-028-A_0_VO-STE%5BANG%5D_AMM-PTWEB_XQ.nAXJm3WbT.smil/segment28_3_av.ts,1572043765.98,1572043768.516,27,2.525,343852,1.0894320792079208,0,0,10.2,273.59,283.79,0,277488.0,0.5221815447154472,396429.91891891893
32,https://arteptweb-vh.akamaihd.net/i/am/ptweb/051000/051400/051493-028-A_0_VO-STE%5BANG%5D_AMM-PTWEB_XQ.nAXJm3WbT.smil/segment29_3_av.ts,1572043775.98,1572043778.627,28,2.642,382580,1.158455715367146,0,0,10.120333,283.79,293.91,0,305900.0,0.3782740485829961,396429.91891891893
33,https://arteptweb-vh.akamaihd.net/i/am/ptweb/051000/051400/051493-028-A_0_VO-STE%5BANG%5D_AMM-PTWEB_XQ.nAXJm3WbT.smil/segment30_3_av.ts,1572043785.981,1572043793.188,29,7.147,629612,0.7047566811249475,0,0,10.075,293.91,303.98,0,488746.0,0.2750441700404858,396429.91891891893
34,https://arteptweb-vh.akamaihd.net/i/am/ptweb/051000/051400/051493-028-A_0_VO-STE%5BANG%5D_AMM-PTWEB_XQ.nAXJm3WbT.smil/segment31_3_av.ts,1572043795.98,1572043804.6339998,30,8.645,557420,0.5158311162521689,0,0,10.069666999999999,303.98,314.05,0,442835.0,0.306700081300813,396429.91891891893
35,https://arteptweb-vh.akamaihd.net/i/am/ptweb/051000/051400/051493-028-A_0_VO-STE%5BANG%5D_AMM-PTWEB_XQ.nAXJm3WbT.smil/segment32_3_av.ts,1572043805.98,1572043809.327,31,3.334,437100,1.0488302339532094,0,0,10.104333,314.05,324.15,0,356899.0,0.00413995951417004,396429.91891891893
36,https://arteptweb-vh.akamaihd.net/i/am/ptweb/051000/051400/051493-028-A_0_VO-STE%5BANG%5D_AMM-PTWEB_XQ.nAXJm3WbT.smil/segment33_3_av.ts,1572043815.98,1572043820.7329998,32,4.738,458908,0.7748552131701139,0,0,10.080333,324.16,334.24,0,393387.0,0.2843414634146341,396429.91891891893
37,https://arteptweb-vh.akamaihd.net/i/am/ptweb/051000/051400/051493-028-A_0_VO-STE%5BANG%5D_AMM-PTWEB_XQ.nAXJm3WbT.smil/segment34_3_av.ts,1572043825.98,1572043834.377,33,8.391,556668,0.5307286378262424,0,0,10.155,334.24,344.4,0,478529.0,0.022280931174089063,396429.91891891893
38,https://arteptweb-vh.akamaihd.net/i/am/ptweb/051000/051400/051493-028-A_0_VO-STE%5BANG%5D_AMM-PTWEB_XQ.nAXJm3WbT.smil/segment35_3_av.ts,1572043835.98,1572043843.934,34,7.947999999999999,633748,0.6378943130347257,0,0,10.16,344.39,354.55,0,484581.0,1.2012707692307694,396429.91891891893
39,https://arteptweb-vh.akamaihd.net/i/am/ptweb/051000/051400/051493-028-A_0_VO-STE%5BANG%5D_AMM-PTWEB_XQ.nAXJm3WbT.smil/segment36_3_av.ts,1572043845.98,1572043851.604,35,5.6179999999999986,490492,0.6984578141687433,0,0,10.184333,354.55,364.73,0,380361.0,8.107462601626015,396429.91891891893
40,https://arteptweb-vh.akamaihd.net/i/am/ptweb/051000/051400/051493-028-A_0_VO-STE%5BANG%5D_AMM-PTWEB_XQ.nAXJm3WbT.smil/segment37_3_av.ts,1572043855.98,1572043856.322,36,0.268,12972,0.3872238805970149,0,0,0.76,364.74,365.5,0,152611.0,8.107462601626015,396429.91891891893
