,url,timestamp_start,timestamp_finish,n_segment,t_download_s,body_size_byte,bandwidth_mbit,byte_start,byte_end,seg_len_s,t_start,t_end,quality_level_chosen,bitrate_level,vmaf_level,previous_bitrate,previous_vmaf,previous_quality,quality_shift_byte_-2,quality_shift_vmaf_-2,quality_shift_bitrate_-2,quality_shift_byte_-1,quality_shift_vmaf_-1,quality_shift_bitrate_-1,quality_shift_byte_0,quality_shift_vmaf_0,quality_shift_bitrate_0,quality_shift_byte_1,quality_shift_vmaf_1,quality_shift_bitrate_1,quality_shift_byte_2,quality_shift_vmaf_2,quality_shift_bitrate_2,quality_shift,buffer_estimate_0,rebuffer_estimate_0,bitrate_level_encoded
0,https://fastly.tubi.video/2bce8cc6-1928-46b8-8a81-638ee315156e/icwlcx2t/segment-0.ts,1572038389.002,1572038392.8460002,0,3.655,1035090,2.265586867305061,0,0,4.087411,0.0,4.09,2,2184941.0,100.0,0.0,0.0,0.0,289144.0,88.83543113402064,554601.0,289144.0,88.83543113402064,554601.0,289144.0,88.83543113402064,554601.0,607992.0,93.23899927083336,1166178.0,1116344.0,100.0,2184941.0,-2.0,0.0,0.0,2550412.168067227
1,https://fastly.tubi.video/2bce8cc6-1928-46b8-8a81-638ee315156e/m9hth8yd/segment-1.ts,1572038393.038,1572038394.689,1,1.624,636970,3.1377832512315265,0,0,4.0743550000000015,4.09,8.16,1,1401927.0,15.66652968750001,,,,,,,,,,,,,,,,,,,,,,1356550.344537815
2,https://fastly.tubi.video/2bce8cc6-1928-46b8-8a81-638ee315156e/m9hth8yd/segment-0.ts,1572038394.716,1572038394.881,0,0.153,529029,27.661647058823533,0,0,4.087411,0.0,4.09,1,1166178.0,93.23899927083336,,,,,,,,,,,,,,,,,,,,,,1356550.344537815
3,https://fastly.tubi.video/2bce8cc6-1928-46b8-8a81-638ee315156e/m9hth8yd/segment-1.ts,1572038394.915,1572038395.052,1,0.123,636970,41.42894308943089,0,0,4.0743550000000015,4.09,8.16,1,1401927.0,15.66652968750001,,,,,,,,,,,,,,,,,,,,,,1356550.344537815
4,https://fastly.tubi.video/2bce8cc6-1928-46b8-8a81-638ee315156e/icwlcx2t/segment-2.ts,1572038395.082,1572038395.332,2,0.23800000000000002,1289668,43.350184873949566,0,0,4.2096550000000015,8.16,12.37,2,2601668.0,100.0,,,,,,,,,,,,,,,,,,,,,,2550412.168067227
5,https://fastly.tubi.video/2bce8cc6-1928-46b8-8a81-638ee315156e/icwlcx2t/segment-1.ts,1572038395.373,1572038395.6279998,1,0.23600000000000002,1279736,43.38088135593221,0,0,4.0743550000000015,4.09,8.16,2,2670345.0,100.0,,,,,,,,,,,,,,,,,,,,,,2550412.168067227
6,https://fastly.tubi.video/2bce8cc6-1928-46b8-8a81-638ee315156e/icwlcx2t/segment-2.ts,1572038395.664,1572038396.059,2,0.381,1289668,27.07964304461943,0,0,4.2096550000000015,8.16,12.37,2,2601668.0,100.0,,,,,,,,,,,,,,,,,,,,,,2550412.168067227
7,https://fastly.tubi.video/2bce8cc6-1928-46b8-8a81-638ee315156e/icwlcx2t/segment-3.ts,1572038396.091,1572038396.495,3,0.392,1200860,24.507346938775516,0,0,4.196611,12.37,16.57,2,2437730.0,100.0,,,,,,,,,,,,,,,,,,,,,,2550412.168067227
8,https://fastly.tubi.video/2bce8cc6-1928-46b8-8a81-638ee315156e/icwlcx2t/segment-4.ts,1572038396.5170002,1572038396.851,4,0.322,1340182,33.29644720496894,0,0,4.170822,16.57,20.74,2,2614352.0,100.0,,,,,,,,,,,,,,,,,,,,,,2550412.168067227
9,https://fastly.tubi.video/2bce8cc6-1928-46b8-8a81-638ee315156e/icwlcx2t/segment-5.ts,1572038396.883,1572038397.117,5,0.209,1336095,51.142392344497615,0,0,4.1708110000000005,20.74,24.91,2,2597050.0,100.0,,,,,,,,,,,,,,,,,,,,,,2550412.168067227
10,https://fastly.tubi.video/2bce8cc6-1928-46b8-8a81-638ee315156e/icwlcx2t/segment-6.ts,1572038397.1479998,1572038397.27,6,0.109,683580,50.17100917431193,0,0,4.162166,24.91,29.07,2,1399871.0,100.0,,,,,,,,,,,,,,,,,,,,,,2550412.168067227
11,https://fastly.tubi.video/2bce8cc6-1928-46b8-8a81-638ee315156e/icwlcx2t/segment-7.ts,1572038397.296,1572038397.32,7,0.012,81378,54.251999999999995,0,0,4.232544,29.07,33.3,2,239500.0,100.0,,,,,,,,,,,,,,,,,,,,,,2550412.168067227
12,https://fastly.tubi.video/2bce8cc6-1928-46b8-8a81-638ee315156e/icwlcx2t/segment-8.ts,1572038397.337,1572038397.467,8,0.117,728200,49.79145299145298,0,0,4.242711,33.3,37.54,2,1407326.0,100.0,,,,,,,,,,,,,,,,,,,,,,2550412.168067227
13,https://fastly.tubi.video/2bce8cc6-1928-46b8-8a81-638ee315156e/icwlcx2t/segment-9.ts,1572038397.4970002,1572038397.7,9,0.189,1180712,49.97722751322751,0,0,4.086044,37.55,41.64,2,2350572.0,100.0,,,,,,,,,,,,,,,,,,,,,,2550412.168067227
14,https://fastly.tubi.video/2bce8cc6-1928-46b8-8a81-638ee315156e/icwlcx2t/segment-10.ts,1572038397.735,1572038397.968,10,0.221,1287800,46.617194570135744,0,0,4.07299,41.63,45.7,2,2564893.0,100.0,,,,,,,,,,,,,,,,,,,,,,2550412.168067227
15,https://fastly.tubi.video/2bce8cc6-1928-46b8-8a81-638ee315156e/icwlcx2t/segment-11.ts,1572038398.022,1572038398.25,11,0.21600000000000005,1233636,45.690222222222225,0,0,4.124855,45.71,49.83,2,2427632.0,100.0,,,,,,,,,,,,,,,,,,,,,,2550412.168067227
16,https://fastly.tubi.video/2bce8cc6-1928-46b8-8a81-638ee315156e/icwlcx2t/segment-12.ts,1572038398.284,1572038398.5749998,12,0.258,1399180,43.385426356589136,0,0,4.195222,49.83,54.03,2,2708132.0,100.0,,,,,,,,,,,,,,,,,,,,,,2550412.168067227
17,https://fastly.tubi.video/2bce8cc6-1928-46b8-8a81-638ee315156e/icwlcx2t/segment-13.ts,1572038398.6,1572038398.8620002,13,0.249,1349169,43.34679518072289,0,0,4.170822,54.03,58.2,2,2625891.0,100.0,,,,,,,,,,,,,,,,,,,,,,2550412.168067227
18,https://fastly.tubi.video/2bce8cc6-1928-46b8-8a81-638ee315156e/icwlcx2t/segment-14.ts,1572038398.905,1572038399.2,14,0.278,1304921,37.5516834532374,0,0,4.0874,58.2,62.29,2,2591174.0,100.0,,,,,,,,,,,,,,,,,,,,,,2550412.168067227
19,https://fastly.tubi.video/2bce8cc6-1928-46b8-8a81-638ee315156e/icwlcx2t/segment-15.ts,1572038399.24,1572038399.5670002,15,0.307,1351083,35.20737459283388,0,0,4.1608,62.28,66.44,2,2638000.0,100.0,,,,,,,,,,,,,,,,,,,,,,2550412.168067227
20,https://fastly.tubi.video/2bce8cc6-1928-46b8-8a81-638ee315156e/icwlcx2t/segment-16.ts,1572038399.603,1572038399.928,16,0.311,1293096,33.26291961414791,0,0,4.2125330000000005,66.45,70.66,2,2491354.0,100.0,,,,,,,,,,,,,,,,,,,,,,2550412.168067227
21,https://fastly.tubi.video/2bce8cc6-1928-46b8-8a81-638ee315156e/icwlcx2t/segment-17.ts,1572038399.965,1572038400.3179998,17,0.337,1350596,32.06162611275964,0,0,4.170822,70.66,74.83,2,2625891.0,100.0,,,,,,,,,,,,,,,,,,,,,,2550412.168067227
22,https://fastly.tubi.video/2bce8cc6-1928-46b8-8a81-638ee315156e/icwlcx2t/segment-18.ts,1572038401.12,1572038401.6969998,18,0.5579999999999999,1302811,18.678293906810037,0,0,4.084656,74.83,78.91,2,2587024.0,100.0,,,,,,,,,,,,,,,,,,,,,,2550412.168067227
23,https://fastly.tubi.video/2bce8cc6-1928-46b8-8a81-638ee315156e/icwlcx2t/segment-19.ts,1572038401.73,1572038402.7410002,19,0.434,1339085,24.683594470046078,0,0,4.071611,78.91,82.98,2,2672145.0,100.0,,,,,,,,,,,,,,,,,,,,,,2550412.168067227
24,https://fastly.tubi.video/2bce8cc6-1928-46b8-8a81-638ee315156e/icwlcx2t/segment-20.ts,1572038402.771,1572038403.08,20,0.297,1391220,37.473939393939396,0,0,4.248611,82.98,87.23,2,2657109.0,100.0,,,,,,,,,,,,,,,,,,,,,,2550412.168067227
25,https://fastly.tubi.video/2bce8cc6-1928-46b8-8a81-638ee315156e/icwlcx2t/segment-21.ts,1572038403.641,1572038403.856,21,0.202,1297713,51.394574257425745,0,0,4.193844,87.23,91.42,2,2513932.0,100.0,,,,,,,,,,,,,,,,,,,,,,2550412.168067227
26,https://fastly.tubi.video/2bce8cc6-1928-46b8-8a81-638ee315156e/icwlcx2t/segment-22.ts,1572038403.887,1572038404.1620002,22,0.262,1382435,42.211755725190834,0,0,4.170833,91.43,95.6,2,2689350.0,100.0,,,,,,,,,,,,,,,,,,,,,,2550412.168067227
27,https://fastly.tubi.video/2bce8cc6-1928-46b8-8a81-638ee315156e/icwlcx2t/segment-23.ts,1572038404.208,1572038404.5319998,23,0.307,1286395,33.52169381107492,0,0,4.129122,95.6,99.73,2,2530025.0,100.0,,,,,,,,,,,,,,,,,,,,,,2550412.168067227
28,https://fastly.tubi.video/2bce8cc6-1928-46b8-8a81-638ee315156e/icwlcx2t/segment-24.ts,1572038405.0470002,1572038405.4429998,24,0.384,1298349,27.0489375,0,0,4.087411,99.73,103.82,2,2579393.0,100.0,,,,,,,,,,,,,,,,,,,,,,2550412.168067227
29,https://fastly.tubi.video/2bce8cc6-1928-46b8-8a81-638ee315156e/icwlcx2t/segment-25.ts,1572038405.471,1572038405.914,25,0.414,1302849,25.17582608695652,0,0,4.2113,103.81,108.02,2,2509226.0,100.0,,,,,,,,,,,,,,,,,,,,,,2550412.168067227
30,https://fastly.tubi.video/2bce8cc6-1928-46b8-8a81-638ee315156e/icwlcx2t/segment-26.ts,1572038408.23,1572038409.7370002,26,1.495,1406341,7.5255705685618715,0,0,4.087411,108.03,112.12,2,2791337.0,100.0,,,,,,,,,,,,,,,,,,,,,,2550412.168067227
31,https://fastly.tubi.video/2bce8cc6-1928-46b8-8a81-638ee315156e/icwlcx2t/segment-27.ts,1572038412.1360002,1572038412.6720002,27,0.523,1412814,21.610921606118545,0,0,4.125,112.11,116.24,2,2777568.0,100.0,,,,,,,,,,,,,,,,,,,,,,2550412.168067227
32,https://fastly.tubi.video/2bce8cc6-1928-46b8-8a81-638ee315156e/icwlcx2t/segment-28.ts,1572038416.2270002,1572038416.562,28,0.32299999999999995,1256984,31.132730650154794,0,0,4.1536550000000005,116.24,120.39,2,2457147.0,100.0,,,,,,,,,,,,,,,,,,,,,,2550412.168067227
33,https://fastly.tubi.video/2bce8cc6-1928-46b8-8a81-638ee315156e/icwlcx2t/segment-29.ts,1572038420.2329998,1572038420.7510002,29,0.505,1346778,21.33509702970297,0,0,4.2125330000000005,120.39,124.6,2,2594178.0,100.0,,,,,,,,,,,,,,,,,,,,,,2550412.168067227
34,https://fastly.tubi.video/2bce8cc6-1928-46b8-8a81-638ee315156e/icwlcx2t/segment-30.ts,1572038424.2270002,1572038425.048,30,0.8079999999999999,1331745,13.18559405940594,0,0,4.1924779999999995,124.6,128.79,2,2577889.0,100.0,,,,,,,,,,,,,,,,,,,,,,2550412.168067227
35,https://fastly.tubi.video/2bce8cc6-1928-46b8-8a81-638ee315156e/icwlcx2t/segment-31.ts,1572038428.2329998,1572038431.373,31,3.111,1328356,3.41589456766313,0,0,4.202644,128.8,133.0,2,2565927.0,100.0,,,,,,,,,,,,,,,,,,,,,,2550412.168067227
36,https://fastly.tubi.video/2bce8cc6-1928-46b8-8a81-638ee315156e/icwlcx2t/segment-32.ts,1572038432.229,1572038433.4150002,32,1.171,1378806,9.419682322801023,0,0,4.129122,133.0,137.13,2,2710689.0,100.0,,,,,,,,,,,,,,,,,,,,,,2550412.168067227
37,https://fastly.tubi.video/2bce8cc6-1928-46b8-8a81-638ee315156e/icwlcx2t/segment-33.ts,1572038436.514,1572038438.958,33,2.432,1189607,3.913180921052631,0,0,4.170833,137.13,141.3,2,2314327.0,100.0,,,,,,,,,,,,,,,,,,,,,,2550412.168067227
38,https://fastly.tubi.video/2bce8cc6-1928-46b8-8a81-638ee315156e/icwlcx2t/segment-34.ts,1572038440.23,1572038440.938,34,0.6960000000000001,1340874,15.412344827586205,0,0,4.087411,141.3,145.39,2,2661816.0,100.0,,,,,,,,,,,,,,,,,,,,,,2550412.168067227
39,https://fastly.tubi.video/2bce8cc6-1928-46b8-8a81-638ee315156e/icwlcx2t/segment-35.ts,1572038444.228,1572038444.481,35,0.241,1341672,44.536829875518684,0,0,4.113467,145.39,149.5,2,2644955.0,100.0,,,,,,,,,,,,,,,,,,,,,,2550412.168067227
40,https://fastly.tubi.video/2bce8cc6-1928-46b8-8a81-638ee315156e/icwlcx2t/segment-36.ts,1572038448.2329998,1572038448.782,36,0.536,1324747,19.772343283582085,0,0,4.248755,149.5,153.75,2,2532416.0,100.0,,,,,,,,,,,,,,,,,,,,,,2550412.168067227
41,https://fastly.tubi.video/2bce8cc6-1928-46b8-8a81-638ee315156e/icwlcx2t/segment-37.ts,1572038452.231,1572038452.8820002,37,0.639,1275638,15.970428794992175,0,0,4.152289,153.75,157.9,2,2492728.0,100.0,,,,,,,,,,,,,,,,,,,,,,2550412.168067227
42,https://fastly.tubi.video/2bce8cc6-1928-46b8-8a81-638ee315156e/icwlcx2t/segment-38.ts,1572038456.228,1572038456.822,38,0.5820000000000001,1396166,19.191285223367696,0,0,4.087411,157.9,161.99,2,2773675.0,100.0,,,,,,,,,,,,,,,,,,,,,,2550412.168067227
43,https://fastly.tubi.video/2bce8cc6-1928-46b8-8a81-638ee315156e/icwlcx2t/segment-39.ts,1572038460.234,1572038460.246,39,0.001,1284177,10273.416,0,0,4.066,161.99,166.06,2,2563384.0,100.0,,,,,,,,,,,,,,,,,,,,,,2550412.168067227
44,https://fastly.tubi.video/2bce8cc6-1928-46b8-8a81-638ee315156e/icwlcx2t/segment-40.ts,1572038464.23,1572038465.077,40,0.835,1353625,12.9688622754491,0,0,4.076156,166.05,170.13,2,2692780.0,100.0,,,,,,,,,,,,,,,,,,,,,,2550412.168067227
45,https://fastly.tubi.video/2bce8cc6-1928-46b8-8a81-638ee315156e/icwlcx2t/segment-41.ts,1572038468.235,1572038468.6969998,41,0.449,1383916,24.657746102449888,0,0,4.128033,170.13,174.26,2,2717234.0,100.0,,,,,,,,,,,,,,,,,,,,,,2550412.168067227
46,https://fastly.tubi.video/2bce8cc6-1928-46b8-8a81-638ee315156e/icwlcx2t/segment-42.ts,1572038472.235,1572038472.824,42,0.5770000000000001,1353497,18.765989601386487,0,0,4.198389,174.26,178.46,2,2614381.0,100.0,,,,,,,,,,,,,,,,,,,,,,2550412.168067227
47,https://fastly.tubi.video/2bce8cc6-1928-46b8-8a81-638ee315156e/icwlcx2t/segment-43.ts,1572038476.2270002,1572038476.729,43,0.49,1300383,21.23074285714285,0,0,4.129122,178.46,182.59,2,2559164.0,100.0,,,,,,,,,,,,,,,,,,,,,,2550412.168067227
48,https://fastly.tubi.video/2bce8cc6-1928-46b8-8a81-638ee315156e/icwlcx2t/segment-44.ts,1572038480.232,1572038480.5890002,44,0.342,1308993,30.61971929824561,0,0,4.070389,182.59,186.66,2,2607915.0,100.0,,,,,,,,,,,,,,,,,,,,,,2550412.168067227
49,https://fastly.tubi.video/2bce8cc6-1928-46b8-8a81-638ee315156e/icwlcx2t/segment-45.ts,1572038484.2270002,1572038484.59,45,0.333,1386317,33.30491291291291,0,0,4.1639669999999995,186.66,190.82,2,2699564.0,100.0,,,,,,,,,,,,,,,,,,,,,,2550412.168067227
50,https://fastly.tubi.video/2bce8cc6-1928-46b8-8a81-638ee315156e/icwlcx2t/segment-46.ts,1572038488.2329998,1572038488.42,46,0.17400000000000002,1307800,60.1287356321839,0,0,4.170822,190.82,194.99,2,2545117.0,100.0,,,,,,,,,,,,,,,,,,,,,,2550412.168067227
51,https://fastly.tubi.video/2bce8cc6-1928-46b8-8a81-638ee315156e/icwlcx2t/segment-47.ts,1572038492.234,1572038492.4789999,47,0.231,1277276,44.23466666666666,0,0,4.129111,194.99,199.12,2,2512548.0,100.0,,,,,,,,,,,,,,,,,,,,,,2550412.168067227
52,https://fastly.tubi.video/2bce8cc6-1928-46b8-8a81-638ee315156e/icwlcx2t/segment-48.ts,1572038496.327,1572038496.649,48,0.304,1344003,35.3685,0,0,4.254244,199.12,203.37,2,2563087.0,100.0,,,,,,,,,,,,,,,,,,,,,,2550412.168067227
53,https://fastly.tubi.video/2bce8cc6-1928-46b8-8a81-638ee315156e/icwlcx2t/segment-49.ts,1572038500.333,1572038500.81,49,0.465,1353443,23.285040860215048,0,0,4.199889,203.38,207.58,2,2613448.0,100.0,,,,,,,,,,,,,,,,,,,,,,2550412.168067227
54,https://fastly.tubi.video/2bce8cc6-1928-46b8-8a81-638ee315156e/icwlcx2t/segment-50.ts,1572038504.228,1572038505.0219998,50,0.7809999999999999,1326090,13.583508322663253,0,0,4.084944999999999,207.58,211.66,2,2633968.0,100.0,,,,,,,,,,,,,,,,,,,,,,2550412.168067227
55,https://fastly.tubi.video/2bce8cc6-1928-46b8-8a81-638ee315156e/m9hth8yd/segment-51.ts,1572038511.8179998,1572038512.854,51,0.936,697682,5.963094017094016,0,0,4.197011,211.66,215.86,1,1365314.0,56.75140843750001,,,,,,,,,,,,,,,,,,,,,,1356550.344537815
