,url,timestamp_start,timestamp_finish,n_segment,t_download_s,body_size_byte,bandwidth_mbit,byte_start,byte_end,seg_len_s,t_start,t_end,quality_level_chosen,bitrate_level,vmaf_level,previous_bitrate,previous_vmaf,previous_quality,quality_shift_byte_-2,quality_shift_vmaf_-2,quality_shift_bitrate_-2,quality_shift_byte_-1,quality_shift_vmaf_-1,quality_shift_bitrate_-1,quality_shift_byte_0,quality_shift_vmaf_0,quality_shift_bitrate_0,quality_shift_byte_1,quality_shift_vmaf_1,quality_shift_bitrate_1,quality_shift_byte_2,quality_shift_vmaf_2,quality_shift_bitrate_2,quality_shift,buffer_estimate_0,rebuffer_estimate_0,t_download_s_-1,quality_level_chosen_-1,bandwidth_mbit_-1,t_download_s_-2,quality_level_chosen_-2,bandwidth_mbit_-2,t_download_s_-3,quality_level_chosen_-3,bandwidth_mbit_-3,t_download_s_-4,quality_level_chosen_-4,bandwidth_mbit_-4,t_download_s_-5,quality_level_chosen_-5,bandwidth_mbit_-5,t_download_s_-6,quality_level_chosen_-6,bandwidth_mbit_-6,t_download_s_-7,quality_level_chosen_-7,bandwidth_mbit_-7,t_download_s_-8,quality_level_chosen_-8,bandwidth_mbit_-8,t_download_s_-9,quality_level_chosen_-9,bandwidth_mbit_-9,t_download_s_-10,quality_level_chosen_-10,bandwidth_mbit_-10
0,https://fastly.tubi.video/1d298c03-8517-4917-b650-52bad62e8bc2/1pturr1l/segment-0.ts,1572036868.932,1572036872.51,0,3.392,958337,2.2602287735849056,0,0,3.636966,0.0,3.64,2,2323219.0,100.0,0.0,0.0,0,301176,85.97250773195879,662477.0,301176,85.97250773195879,662477.0,301176,85.97250773195879,662477.0,568888,93.42657948453609,1251346.0,1056184,100.0,2323219.0,-2,0.0,0.0,,,,,,,,,,,,,,,,,,,,,,,,,,,,,,
1,https://fastly.tubi.video/1d298c03-8517-4917-b650-52bad62e8bc2/qk554g1x/segment-1.ts,1572036872.661,1572036872.6890001,1,0.001,-1,-0.008,0,0,2.496856,3.64,6.14,1,1466138.0,93.42657948453609,0.0,0.0,0,183864,85.97250773195879,589105.0,183864,85.97250773195879,589105.0,183864,85.97250773195879,589105.0,457592,93.42657948453609,1466138.0,833592,100.0,2670853.0,-1,3.4889999771118165,3.578000068664551,,,,,,,,,,,,,,,,,,,,,,,,,,,,,,
2,https://fastly.tubi.video/1d298c03-8517-4917-b650-52bad62e8bc2/qk554g1x/segment-2.ts,1572036875.847,1572036875.8579998,2,0.001,-1,-0.008,0,0,4.062766000000001,6.13,10.19,1,1274197.0,92.4146439175258,2323219.0,100.0,2,343288,85.9086562886598,675969.0,647096,92.4146439175258,1274197.0,1197560,100.0,2358117.0,1197560,100.0,2358117.0,1197560,100.0,2358117.0,1,2.803000106811523,0.0,3.12,1.0,1.1398666666666666,,,,,,,,,,,,,,,,,,,,,,,,,,,
3,https://fastly.tubi.video/1d298c03-8517-4917-b650-52bad62e8bc2/qk554g1x/segment-3.ts,1572036878.677,1572036878.6890001,3,0.001,-1,-0.008,0,0,3.349011,10.2,13.55,1,1380495.0,92.1854876530612,1466138.0,93.42657948453609,1,316216,85.46698367346939,755365.0,316216,85.46698367346939,755365.0,577912,92.1854876530612,1380495.0,1077240,100.0,2573273.0,1077240,100.0,2573273.0,0,4.022999944686889,0.0,2.773,1.0,1.7185344392354849,3.12,1.0,1.1398666666666666,,,,,,,,,,,,,,,,,,,,,,,,
4,https://fastly.tubi.video/1d298c03-8517-4917-b650-52bad62e8bc2/qk554g1x/segment-4.ts,1572036881.641,1572036881.6560001,4,0.001,-1,-0.008,0,0,4.02241,13.55,17.57,1,1344093.0,88.76365463917524,1274197.0,92.4146439175258,1,304184,83.96339876288658,711165.0,304184,83.96339876288658,711165.0,574904,88.76365463917524,1344093.0,1266744,100.0,2519373.0,1266744,100.0,2519373.0,0,4.418999958038331,0.0,2.906,1.0,1.5401156228492774,2.773,1.0,1.7185344392354849,3.12,1.0,1.1398666666666666,,,,,,,,,,,,,,,,,,,,,
5,https://fastly.tubi.video/1d298c03-8517-4917-b650-52bad62e8bc2/7b8qnrah/segment-5.ts,1572036885.952,1572036885.9789999,5,0.001,-1,-0.008,0,0,2.787867,17.57,20.36,0,781358.0,87.75022826530615,1380495.0,92.1854876530612,1,331256,87.75022826530615,781358.0,331256,87.75022826530615,781358.0,638072,93.40928877551023,1505068.0,1005048,100.0,2884062.0,1005048,100.0,2884062.0,1,4.128000087738037,0.0,4.207,1.0,1.0661468980270976,2.906,1.0,1.5401156228492774,2.773,1.0,1.7185344392354849,3.12,1.0,1.1398666666666666,,,,,,,,,,,,,,,,,,
6,https://fastly.tubi.video/1d298c03-8517-4917-b650-52bad62e8bc2/7b8qnrah/segment-6.ts,1572036887.959,1572036887.9710002,6,0.001,-1,-0.008,0,0,2.850711,20.36,23.21,0,541304.0,87.53037247422684,1344093.0,88.76365463917524,1,192888,87.53037247422684,541304.0,192888,87.53037247422684,541304.0,484664,92.61488958762884,1360121.0,911800,100.0,2558800.0,911800,100.0,2558800.0,1,4.910999879837036,0.0,4.207,1.0,1.0661468980270976,2.906,1.0,1.5401156228492774,2.773,1.0,1.7185344392354849,3.12,1.0,1.1398666666666666,,,,,,,,,,,,,,,,,,
7,https://fastly.tubi.video/1d298c03-8517-4917-b650-52bad62e8bc2/7b8qnrah/segment-7.ts,1572036889.009,1572036889.0210001,7,0.001,-1,-0.008,0,0,4.068322,23.21,27.28,0,521256.0,87.08619469387756,781358.0,87.75022826530615,0,265080,87.08619469387756,521256.0,265080,87.08619469387756,521256.0,265080,87.08619469387756,521256.0,659128,92.28862163265309,1296117.0,1290808,100.0,2538261.0,0,6.710999927520753,0.0,1.026,0.0,1.3818089668615983,1.961,0.0,1.292242733299337,4.207,1.0,1.0661468980270976,2.906,1.0,1.5401156228492774,2.773,1.0,1.7185344392354849,3.12,1.0,1.1398666666666666,,,,,,,,,,,,
8,https://fastly.tubi.video/1d298c03-8517-4917-b650-52bad62e8bc2/7b8qnrah/segment-8.ts,1572036890.247,1572036890.259,8,0.001,-1,-0.008,0,0,3.254466,27.27,30.52,0,718156.0,85.80394886597935,541304.0,87.53037247422684,0,292152,85.80394886597935,718156.0,292152,85.80394886597935,718156.0,292152,85.80394886597935,718156.0,632056,92.22653814432987,1553695.0,1182520,100.0,2906824.0,0,9.543000011444093,0.0,1.211,0.0,1.6336184971098264,1.026,0.0,1.3818089668615983,1.961,0.0,1.292242733299337,4.207,1.0,1.0661468980270976,2.906,1.0,1.5401156228492774,2.773,1.0,1.7185344392354849,3.12,1.0,1.1398666666666666,,,,,,,,,
9,https://fastly.tubi.video/1d298c03-8517-4917-b650-52bad62e8bc2/7b8qnrah/segment-9.ts,1572036891.429,1572036891.4429998,9,0.001,-1,-0.008,0,0,3.253311,30.53,33.78,0,637046.0,86.34097288659792,521256.0,87.08619469387756,0,259064,86.34097288659792,637046.0,259064,86.34097288659792,637046.0,259064,86.34097288659792,637046.0,559864,92.54319721649485,1376724.0,1074232,100.0,2641572.0,0,11.601000089645385,0.0,1.154,0.0,1.8902876949740035,1.211,0.0,1.6336184971098264,1.026,0.0,1.3818089668615983,1.961,0.0,1.292242733299337,4.207,1.0,1.0661468980270976,2.906,1.0,1.5401156228492774,2.773,1.0,1.7185344392354849,3.12,1.0,1.1398666666666666,,,,,,
10,https://fastly.tubi.video/1d298c03-8517-4917-b650-52bad62e8bc2/7b8qnrah/segment-10.ts,1572036892.81,1572036892.823,10,0.001,-1,-0.008,0,0,3.385622,33.78,37.17,0,683228.0,86.40743051020412,718156.0,85.80394886597935,0,289144,86.40743051020412,683228.0,289144,86.40743051020412,683228.0,289144,86.40743051020412,683228.0,568888,92.66466448979591,1344244.0,1035128,100.0,2445938.0,0,13.480000047683717,0.0,1.352,0.0,1.4315147928994083,1.154,0.0,1.8902876949740035,1.211,0.0,1.6336184971098264,1.026,0.0,1.3818089668615983,1.961,0.0,1.292242733299337,4.207,1.0,1.0661468980270976,2.906,1.0,1.5401156228492774,2.773,1.0,1.7185344392354849,3.12,1.0,1.1398666666666666,,,
11,https://fastly.tubi.video/1d298c03-8517-4917-b650-52bad62e8bc2/7b8qnrah/segment-11.ts,1572036894.268,1572036894.28,11,0.001,-1,-0.008,0,0,3.5019339999999994,37.17,40.67,0,660535.0,85.57023453608245,637046.0,86.34097288659792,0,289144,85.57023453608245,660535.0,289144,85.57023453608245,660535.0,289144,85.57023453608245,660535.0,659128,91.58282793814432,1505746.0,1248696,100.0,2852586.0,0,15.412000102996828,0.0,1.431,0.0,1.5346415094339623,1.352,0.0,1.4315147928994083,1.154,0.0,1.8902876949740035,1.211,0.0,1.6336184971098264,1.026,0.0,1.3818089668615983,1.961,0.0,1.292242733299337,4.207,1.0,1.0661468980270976,2.906,1.0,1.5401156228492774,2.773,1.0,1.7185344392354849,3.12,1.0,1.1398666666666666
12,https://fastly.tubi.video/1d298c03-8517-4917-b650-52bad62e8bc2/7b8qnrah/segment-12.ts,1572036895.621,1572036895.6330001,12,0.001,-1,-0.008,0,0,2.067389,40.67,42.74,0,501966.0,85.57023453608245,683228.0,86.40743051020412,0,129720,85.57023453608245,501966.0,129720,85.57023453608245,501966.0,129720,85.57023453608245,501966.0,343288,91.58282793814432,1328392.0,656120,100.0,2538931.0,0,17.558999938964845,0.0,1.328,0.0,1.6401807228915664,1.431,0.0,1.5346415094339623,1.352,0.0,1.4315147928994083,1.154,0.0,1.8902876949740035,1.211,0.0,1.6336184971098264,1.026,0.0,1.3818089668615983,1.961,0.0,1.292242733299337,4.207,1.0,1.0661468980270976,2.906,1.0,1.5401156228492774,2.773,1.0,1.7185344392354849
13,https://fastly.tubi.video/1d298c03-8517-4917-b650-52bad62e8bc2/7b8qnrah/segment-13.ts,1572036896.147,1572036896.158,13,0.001,-1,-0.008,0,0,4.051245,42.74,46.79,0,707590.0,82.8151753608247,660535.0,85.57023453608245,0,358328,82.8151753608247,707590.0,358328,82.8151753608247,707590.0,358328,82.8151753608247,707590.0,674168,88.59565597938143,1331280.0,1275768,100.0,2519261.0,0,19.102999916076662,0.0,0.5,0.0,1.859184,1.328,0.0,1.6401807228915664,1.431,0.0,1.5346415094339623,1.352,0.0,1.4315147928994083,1.154,0.0,1.8902876949740035,1.211,0.0,1.6336184971098264,1.026,0.0,1.3818089668615983,1.961,0.0,1.292242733299337,4.207,1.0,1.0661468980270976,2.906,1.0,1.5401156228492774
14,https://fastly.tubi.video/1d298c03-8517-4917-b650-52bad62e8bc2/7b8qnrah/segment-14.ts,1572036897.703,1572036897.7150002,14,0.001,-1,-0.008,0,0,4.061411,46.79,50.85,0,812470.0,87.67177857142859,501966.0,85.57023453608245,0,412472,87.67177857142859,812470.0,412472,87.67177857142859,812470.0,412472,87.67177857142859,812470.0,770424,94.66497061224493,1517549.0,1471288,100.0,2898082.0,0,21.596999921798705,0.0,1.5290000000000001,0.0,1.7663675604970566,0.5,0.0,1.859184,1.328,0.0,1.6401807228915664,1.431,0.0,1.5346415094339623,1.352,0.0,1.4315147928994083,1.154,0.0,1.8902876949740035,1.211,0.0,1.6336184971098264,1.026,0.0,1.3818089668615983,1.961,0.0,1.292242733299337,4.207,1.0,1.0661468980270976
15,https://fastly.tubi.video/1d298c03-8517-4917-b650-52bad62e8bc2/7b8qnrah/segment-14.ts,1572036900.363,1572036900.4789999,14,0.001,-1,-0.008,0,0,4.061411,46.79,50.85,0,812470.0,87.67177857142859,707590.0,82.8151753608247,0,412472,87.67177857142859,812470.0,412472,87.67177857142859,812470.0,412472,87.67177857142859,812470.0,770424,94.66497061224493,1517549.0,1471288,100.0,2898082.0,0,18.937000074386596,0.0,1.5290000000000001,0.0,1.7663675604970566,0.5,0.0,1.859184,1.328,0.0,1.6401807228915664,1.431,0.0,1.5346415094339623,1.352,0.0,1.4315147928994083,1.154,0.0,1.8902876949740035,1.211,0.0,1.6336184971098264,1.026,0.0,1.3818089668615983,1.961,0.0,1.292242733299337,4.207,1.0,1.0661468980270976
16,https://fastly.tubi.video/1d298c03-8517-4917-b650-52bad62e8bc2/7b8qnrah/segment-15.ts,1572036902.32,1572036902.332,15,0.001,-1,-0.008,0,0,2.446767,50.85,53.3,0,847041.0,85.62809082474223,812470.0,87.67177857142859,0,259064,85.62809082474223,847041.0,259064,85.62809082474223,847041.0,259064,85.62809082474223,847041.0,463608,94.6750613402062,1515822.0,851640,100.0,2784539.0,0,,,1.926,0.0,1.6343759086188994,1.5290000000000001,0.0,1.7663675604970566,0.5,0.0,1.859184,1.328,0.0,1.6401807228915664,1.431,0.0,1.5346415094339623,1.352,0.0,1.4315147928994083,1.154,0.0,1.8902876949740035,1.211,0.0,1.6336184971098264,1.026,0.0,1.3818089668615983,1.961,0.0,1.292242733299337
