,url,timestamp_start,timestamp_finish,n_segment,t_download_s,body_size_byte,bandwidth_mbit,byte_start,byte_end,seg_len_s,t_start,t_end,quality_level_chosen,bitrate_level,vmaf_level,previous_bitrate,previous_vmaf,previous_quality,quality_shift_byte_-2,quality_shift_vmaf_-2,quality_shift_bitrate_-2,quality_shift_byte_-1,quality_shift_vmaf_-1,quality_shift_bitrate_-1,quality_shift_byte_0,quality_shift_vmaf_0,quality_shift_bitrate_0,quality_shift_byte_1,quality_shift_vmaf_1,quality_shift_bitrate_1,quality_shift_byte_2,quality_shift_vmaf_2,quality_shift_bitrate_2,quality_shift,buffer_estimate_0,rebuffer_estimate_0
0,https://fastly.tubi.video/98a64629-0f7e-4833-9c18-7030bf519349/ce7tamss/segment-0.ts,1576339613.347,1576339616.0129998,0,2.648,848267,2.562740181268882,0,0,4.087411,0.0,4.09,2,1702178.0,100.0,0.0,0.0,0.0,117688.0,85.54148876288656,230342.0,117688.0,85.54148876288656,230342.0,117688.0,85.54148876288656,230342.0,409464.0,92.99672947916667,801414.0,869688.0,100.0,1702178.0,-2.0,0.0,0.0
1,https://fastly.tubi.video/98a64629-0f7e-4833-9c18-7030bf519349/gtujhtqe/segment-1.ts,1576339616.204,1576339664.248,1,47.987,514844,0.08583057911517702,0,0,4.074355000000001,4.09,8.16,1,1046137.0,90.04419916666662,,,,,,,,,,,,,,,,,,,,,
2,https://fastly.tubi.video/98a64629-0f7e-4833-9c18-7030bf519349/jtbsrm5j/segment-2.ts,1576339664.849,1576339672.116,2,6.8870000000000005,75590,0.08780601132568606,0,0,4.209655000000001,8.16,12.37,0,183638.0,91.33959072916662,,,,,,,,,,,,,,,,,,,,,
3,https://fastly.tubi.video/98a64629-0f7e-4833-9c18-7030bf519349/jtbsrm5j/segment-3.ts,1576339672.129,1576339679.685,3,7.053,69089,0.0783655182191975,0,0,4.129111,12.37,16.5,0,172088.0,87.09547083333324,,,,,,,,,,,,,,,,,,,,,
4,https://fastly.tubi.video/98a64629-0f7e-4833-9c18-7030bf519349/jtbsrm5j/segment-4.ts,1576339679.704,1576339687.777,4,7.689,69482,0.07229236571725842,0,0,4.081644,16.5,20.58,0,177356.0,78.14668718749998,,,,,,,,,,,,,,,,,,,,,
5,https://fastly.tubi.video/98a64629-0f7e-4833-9c18-7030bf519349/jtbsrm5j/segment-5.ts,1576339687.801,1576339698.71,5,10.558,117997,0.08940860011365788,0,0,4.068589,20.58,24.65,0,264669.0,91.18576312499987,,,,,,,,,,,,,,,,,,,,,
6,https://fastly.tubi.video/98a64629-0f7e-4833-9c18-7030bf519349/jtbsrm5j/segment-6.ts,1576339698.74,1576339710.172,6,10.949,131326,0.09595469905927483,0,0,4.203888,24.65,28.85,0,281202.0,80.27385322916666,,,,,,,,,,,,,,,,,,,,,
7,https://fastly.tubi.video/98a64629-0f7e-4833-9c18-7030bf519349/jtbsrm5j/segment-7.ts,1576339710.195,1576339720.806,7,10.26,119011,0.09279610136452242,0,0,4.170822,28.85,33.02,0,260353.0,80.10983968749998,,,,,,,,,,,,,,,,,,,,,
8,https://fastly.tubi.video/98a64629-0f7e-4833-9c18-7030bf519349/jtbsrm5j/segment-8.ts,1576339720.823,1576339727.169,8,6.096,66239,0.0869278215223097,0,0,4.254244,33.03,37.28,0,176535.0,84.93139281249992,,,,,,,,,,,,,,,,,,,,,
9,https://fastly.tubi.video/98a64629-0f7e-4833-9c18-7030bf519349/jtbsrm5j/segment-9.ts,1576339727.19,1576339731.839,9,4.323,55557,0.10281193615544759,0,0,4.211176999999999,37.28,41.49,0,172143.0,77.5209421875,,,,,,,,,,,,,,,,,,,,,
10,https://fastly.tubi.video/98a64629-0f7e-4833-9c18-7030bf519349/jtbsrm5j/segment-10.ts,1576339731.85,1576339740.705,10,8.804,122843,0.11162471603816446,0,0,4.2125330000000005,41.49,45.7,0,306510.0,81.30198833333321,,,,,,,,,,,,,,,,,,,,,
11,https://fastly.tubi.video/98a64629-0f7e-4833-9c18-7030bf519349/jtbsrm5j/segment-11.ts,1576339740.728,1576339765.8249998,11,24.726,310181,0.10035784194774731,0,0,4.2125330000000005,45.7,49.91,0,658456.0,13.311880520833334,,,,,,,,,,,,,,,,,,,,,
12,https://fastly.tubi.video/98a64629-0f7e-4833-9c18-7030bf519349/jtbsrm5j/segment-12.ts,1576339765.845,1576339787.032,12,20.898,301422,0.11538788400803904,0,0,4.254244,49.92,54.17,0,649609.0,79.33003770833334,,,,,,,,,,,,,,,,,,,,,
13,https://fastly.tubi.video/98a64629-0f7e-4833-9c18-7030bf519349/jtbsrm5j/segment-13.ts,1576339787.052,1576339807.841,13,20.445,268752,0.10516096845194424,0,0,4.205411,54.17,58.38,0,589343.0,53.32881739583334,,,,,,,,,,,,,,,,,,,,,
14,https://fastly.tubi.video/98a64629-0f7e-4833-9c18-7030bf519349/jtbsrm5j/segment-14.ts,1576339807.861,1576339830.622,14,22.676000000000002,266803,0.09412700652672429,0,0,4.087411,58.38,62.47,0,557686.0,53.32881739583334,,,,,,,,,,,,,,,,,,,,,
15,https://fastly.tubi.video/98a64629-0f7e-4833-9c18-7030bf519349/jtbsrm5j/segment-15.ts,1576339830.643,1576339854.817,15,23.831,267663,0.08985371994460996,0,0,4.160823000000001,62.46,66.62,0,567503.0,69.48275687499999,,,,,,,,,,,,,,,,,,,,,
16,https://fastly.tubi.video/98a64629-0f7e-4833-9c18-7030bf519349/jtbsrm5j/segment-16.ts,1576339854.837,1576339885.168,16,29.988,354008,0.09443990929705215,0,0,4.254244,66.62,70.87,0,736654.0,44.12596958333334,,,,,,,,,,,,,,,,,,,,,
17,https://fastly.tubi.video/98a64629-0f7e-4833-9c18-7030bf519349/jtbsrm5j/segment-17.ts,1576339885.195,1576339919.6399999,17,34.09,397007,0.09316679378116749,0,0,4.199633,70.88,75.08,0,821669.0,48.05848343750001,,,,,,,,,,,,,,,,,,,,,
18,https://fastly.tubi.video/98a64629-0f7e-4833-9c18-7030bf519349/jtbsrm5j/segment-18.ts,1576339919.672,1576339943.266,18,23.345,267468,0.09165748554294281,0,0,4.129122,75.08,79.21,0,549192.0,80.7872054166667,,,,,,,,,,,,,,,,,,,,,
19,https://fastly.tubi.video/98a64629-0f7e-4833-9c18-7030bf519349/jtbsrm5j/segment-19.ts,1576339943.293,1576339953.99,19,10.34,154353,0.11942205029013539,0,0,4.238466000000001,79.21,83.45,0,336314.0,82.27287093749999,,,,,,,,,,,,,,,,,,,,,
20,https://fastly.tubi.video/98a64629-0f7e-4833-9c18-7030bf519349/jtbsrm5j/segment-20.ts,1576339954.007,1576339966.433,20,12.178,144364,0.09483593365084578,0,0,4.248633,83.45,87.7,0,300896.0,78.63952906249997,,,,,,,,,,,,,,,,,,,,,
21,https://fastly.tubi.video/98a64629-0f7e-4833-9c18-7030bf519349/jtbsrm5j/segment-21.ts,1576339966.449,1576339979.27,21,12.561,161429,0.10281283337313908,0,0,4.193877,87.69,91.88,0,339252.0,74.14424322916669,,,,,,,,,,,,,,,,,,,,,
22,https://fastly.tubi.video/98a64629-0f7e-4833-9c18-7030bf519349/jtbsrm5j/segment-22.ts,1576339979.289,1576339998.626,22,19.036,265309,0.111497793654129,0,0,4.0874,91.89,95.98,0,548260.0,73.4793792708333,,,,,,,,,,,,,,,,,,,,,
23,https://fastly.tubi.video/98a64629-0f7e-4833-9c18-7030bf519349/jtbsrm5j/segment-23.ts,1576339998.646,1576340008.4819999,23,9.527000000000001,122058,0.10249438438123228,0,0,4.065867,95.98,100.05,0,296344.0,78.5928575,,,,,,,,,,,,,,,,,,,,,
24,https://fastly.tubi.video/98a64629-0f7e-4833-9c18-7030bf519349/jtbsrm5j/segment-24.ts,1576340008.496,1576340009.0970001,24,0.37,6169,0.1333837837837838,0,0,4.2428669999999995,100.04,104.28,0,170858.0,27.04461552083335,,,,,,,,,,,,,,,,,,,,,
25,https://fastly.tubi.video/98a64629-0f7e-4833-9c18-7030bf519349/jtbsrm5j/segment-25.ts,1576340009.106,1576340031.593,25,22.141000000000002,289533,0.10461424506571518,0,0,4.169622,104.28,108.45,0,624018.0,0.7553677083333333,,,,,,,,,,,,,,,,,,,,,
26,https://fastly.tubi.video/98a64629-0f7e-4833-9c18-7030bf519349/jtbsrm5j/segment-26.ts,1576340031.614,1576340064.249,26,32.3,382691,0.09478414860681116,0,0,4.170833,108.45,112.62,0,783752.0,0.16130989583333336,,,,,,,,,,,,,,,,,,,,,
27,https://fastly.tubi.video/98a64629-0f7e-4833-9c18-7030bf519349/jtbsrm5j/segment-27.ts,1576340064.268,1576340096.5809999,27,32.006,373853,0.09344572892582641,0,0,4.170822,112.62,116.79,0,766860.0,0.07669031250000001,,,,,,,,,,,,,,,,,,,,,
28,https://fastly.tubi.video/98a64629-0f7e-4833-9c18-7030bf519349/jtbsrm5j/segment-28.ts,1576340096.602,1576340129.858,28,31.579,389525,0.09867950220082966,0,0,4.129122,116.8,120.93,0,782835.0,0.3153979166666667,,,,,,,,,,,,,,,,,,,,,
29,https://fastly.tubi.video/98a64629-0f7e-4833-9c18-7030bf519349/jtbsrm5j/segment-29.ts,1576340129.879,1576340160.664,29,30.39,362732,0.09548719973675551,0,0,4.247266000000001,120.92,125.17,0,720486.0,0.16941739583333335,,,,,,,,,,,,,,,,,,,,,
30,https://fastly.tubi.video/98a64629-0f7e-4833-9c18-7030bf519349/jtbsrm5j/segment-30.ts,1576340160.686,1576340187.357,30,26.338,345538,0.1049549700053155,0,0,4.234211,125.17,129.4,0,682698.0,0.004206145833333333,,,,,,,,,,,,,,,,,,,,,
31,https://fastly.tubi.video/98a64629-0f7e-4833-9c18-7030bf519349/jtbsrm5j/segment-31.ts,1576340187.375,1576340215.042,31,27.35,381902,0.11170808043875684,0,0,4.202666000000001,129.41,133.61,0,756533.0,0.011826249999999998,,,,,,,,,,,,,,,,,,,,,
32,https://fastly.tubi.video/98a64629-0f7e-4833-9c18-7030bf519349/jtbsrm5j/segment-32.ts,1576340215.062,1576340246.178,32,30.848,400800,0.10394190871369295,0,0,4.1479,133.61,137.76,0,807132.0,0.11737958333333333,,,,,,,,,,,,,,,,,,,,,
33,https://fastly.tubi.video/98a64629-0f7e-4833-9c18-7030bf519349/jtbsrm5j/segment-33.ts,1576340246.198,1576340278.0219998,33,31.514,371704,0.09435907850479151,0,0,4.116366,137.76,141.88,0,737623.0,2.0872279166666665,,,,,,,,,,,,,,,,,,,,,
34,https://fastly.tubi.video/98a64629-0f7e-4833-9c18-7030bf519349/jtbsrm5j/segment-34.ts,1576340278.045,1576340311.345,34,31.636,392561,0.09926943987861929,0,0,4.209955,141.87,146.08,0,778087.0,0.7495188541666667,,,,,,,,,,,,,,,,,,,,,
35,https://fastly.tubi.video/98a64629-0f7e-4833-9c18-7030bf519349/jtbsrm5j/segment-35.ts,1576340311.363,1576340345.434,35,33.737,386248,0.09159036073154103,0,0,4.1969,146.08,150.28,0,761472.0,2.1026290625,,,,,,,,,,,,,,,,,,,,,
36,https://fastly.tubi.video/98a64629-0f7e-4833-9c18-7030bf519349/jtbsrm5j/segment-36.ts,1576340345.461,1576340375.668,36,29.878,380581,0.10190267086150345,0,0,4.207066,150.28,154.49,0,755741.0,2.8125823958333336,,,,,,,,,,,,,,,,,,,,,
37,https://fastly.tubi.video/98a64629-0f7e-4833-9c18-7030bf519349/jtbsrm5j/segment-37.ts,1576340375.691,1576340405.25,37,29.517,363063,0.09840105701798962,0,0,4.0688889999999995,154.49,158.56,0,723668.0,11.85247572916667,,,,,,,,,,,,,,,,,,,,,
38,https://fastly.tubi.video/98a64629-0f7e-4833-9c18-7030bf519349/jtbsrm5j/segment-38.ts,1576340405.267,1576340433.02,38,27.527,384230,0.11166636393359246,0,0,4.120767,158.56,162.68,0,769620.0,22.356006249999997,,,,,,,,,,,,,,,,,,,,,
39,https://fastly.tubi.video/98a64629-0f7e-4833-9c18-7030bf519349/jtbsrm5j/segment-39.ts,1576340433.042,1576340462.918,39,29.51,385772,0.10458068451372415,0,0,4.149422,162.68,166.83,0,766186.0,78.6687514583333,,,,,,,,,,,,,,,,,,,,,
40,https://fastly.tubi.video/98a64629-0f7e-4833-9c18-7030bf519349/jtbsrm5j/segment-40.ts,1576340462.937,1576340496.0670002,40,32.754,386498,0.09440019539598218,0,0,4.243011,166.83,171.07,0,775938.0,16.012581250000004,,,,,,,,,,,,,,,,,,,,,
41,https://fastly.tubi.video/98a64629-0f7e-4833-9c18-7030bf519349/jtbsrm5j/segment-41.ts,1576340496.088,1576340528.482,41,32.083,380106,0.09478066265623539,0,0,4.211466000000001,171.07,175.28,0,741890.0,31.37795572916666,,,,,,,,,,,,,,,,,,,,,
42,https://fastly.tubi.video/98a64629-0f7e-4833-9c18-7030bf519349/jtbsrm5j/segment-42.ts,1576340528.503,1576340556.487,42,27.726,329051,0.09494366298780928,0,0,4.240122,175.28,179.52,0,653369.0,24.64150270833333,,,,,,,,,,,,,,,,,,,,,
43,https://fastly.tubi.video/98a64629-0f7e-4833-9c18-7030bf519349/jtbsrm5j/segment-43.ts,1576340556.506,1576340587.93,43,31.072,371111,0.09554866117404737,0,0,4.208577,179.52,183.73,0,745707.0,8.815529479166663,,,,,,,,,,,,,,,,,,,,,
44,https://fastly.tubi.video/98a64629-0f7e-4833-9c18-7030bf519349/jtbsrm5j/segment-44.ts,1576340587.95,1576340616.762,44,27.136,391921,0.11554274764150943,0,0,4.254244,183.73,187.98,0,780761.0,5.1992304166666665,,,,,,,,,,,,,,,,,,,,,
45,https://fastly.tubi.video/98a64629-0f7e-4833-9c18-7030bf519349/jtbsrm5j/segment-45.ts,1576340616.783,1576340645.629,45,28.557000000000002,395762,0.11086934902125573,0,0,4.2474110000000005,187.98,192.23,0,792455.0,0.3795253125,,,,,,,,,,,,,,,,,,,,,
46,https://fastly.tubi.video/98a64629-0f7e-4833-9c18-7030bf519349/jtbsrm5j/segment-46.ts,1576340645.652,1576340674.243,46,28.257,371558,0.1051938988569204,0,0,4.150933,192.23,196.38,0,756166.0,1.2274772916666663,,,,,,,,,,,,,,,,,,,,,
47,https://fastly.tubi.video/98a64629-0f7e-4833-9c18-7030bf519349/jtbsrm5j/segment-47.ts,1576340674.262,1576340706.49,47,30.598,378896,0.09906425256552716,0,0,4.1611,196.38,200.54,0,773818.0,0.2645625,,,,,,,,,,,,,,,,,,,,,
48,https://fastly.tubi.video/98a64629-0f7e-4833-9c18-7030bf519349/jtbsrm5j/segment-48.ts,1576340706.512,1576340738.615,48,31.77,373377,0.09402001888574125,0,0,4.129122,200.54,204.67,0,770383.0,0.2344402083333333,,,,,,,,,,,,,,,,,,,,,
49,https://fastly.tubi.video/98a64629-0f7e-4833-9c18-7030bf519349/jtbsrm5j/segment-49.ts,1576340738.63,1576340772.387,49,32.076,392531,0.09790023693727397,0,0,4.199922,204.67,208.87,0,772275.0,0.5204041666666667,,,,,,,,,,,,,,,,,,,,,
50,https://fastly.tubi.video/98a64629-0f7e-4833-9c18-7030bf519349/jtbsrm5j/segment-50.ts,1576340772.411,1576340805.607,50,32.914,379717,0.09229312754450993,0,0,4.251811,208.87,213.12,0,755197.0,61.9761865625,,,,,,,,,,,,,,,,,,,,,
