,url,timestamp_start,timestamp_finish,n_segment,t_download_s,body_size_byte,bandwidth_mbit,byte_start,byte_end,seg_len_s,t_start,t_end,quality_level_chosen,bitrate_level,vmaf_level
0,https://arteptweb-vh.akamaihd.net/i/am/ptweb/083000/083200/083236-000-A_0_VO-STE%5BANG%5D_AMM-PTWEB_XQ.z0MmlinfU.smil/segment1_3_av.ts,1576342958.776,1576342961.362,0,2.565,644276,2.0094378167641325,0,0,10.080333,0.0,10.08,0,515146.0,26.85468803149605
1,https://arteptweb-vh.akamaihd.net/i/am/ptweb/083000/083200/083236-000-A_0_VO-STE%5BANG%5D_AMM-PTWEB_XQ.z0MmlinfU.smil/segment2_2_av.ts,1576342961.468,1576342967.7719998,1,6.197,1179700,1.5229304502178473,0,0,10.115,10.08,20.2,1,937788.0,75.39747200000008
2,https://arteptweb-vh.akamaihd.net/i/am/ptweb/083000/083200/083236-000-A_0_VO-STE%5BANG%5D_AMM-PTWEB_XQ.z0MmlinfU.smil/segment2_3_av.ts,1576342967.81,1576342970.054,1,2.233,349492,1.2520985221674876,0,0,10.115,10.08,20.2,0,274497.0,27.38385853754939
3,https://arteptweb-vh.akamaihd.net/i/am/ptweb/083000/083200/083236-000-A_0_VO-STE%5BANG%5D_AMM-PTWEB_XQ.z0MmlinfU.smil/segment1_3_av.ts,1576342970.078,1576342974.4720001,0,4.383,644276,1.1759543691535477,0,0,10.080333,0.0,10.08,0,515146.0,26.85468803149605
4,https://arteptweb-vh.akamaihd.net/i/am/ptweb/083000/083200/083236-000-A_0_VO-STE%5BANG%5D_AMM-PTWEB_XQ.z0MmlinfU.smil/segment2_3_av.ts,1576342974.505,1576342977.0770001,1,2.559,349492,1.0925892926924579,0,0,10.115,10.08,20.2,0,274497.0,27.38385853754939
5,https://arteptweb-vh.akamaihd.net/i/am/ptweb/083000/083200/083236-000-A_0_VO-STE%5BANG%5D_AMM-PTWEB_XQ.z0MmlinfU.smil/segment3_3_av.ts,1576342977.106,1576342982.277,2,5.159,479212,0.7431083543322349,0,0,10.109667,20.2,30.31,0,370756.0,16.8037881027668
6,https://arteptweb-vh.akamaihd.net/i/am/ptweb/083000/083200/083236-000-A_0_VO-STE%5BANG%5D_AMM-PTWEB_XQ.z0MmlinfU.smil/segment4_3_av.ts,1576342982.294,1576342987.2289999,3,4.923,524332,0.8520528133252082,0,0,10.064333,30.3,40.36,0,431497.0,12.767149565217395
7,https://arteptweb-vh.akamaihd.net/i/am/ptweb/083000/083200/083236-000-A_0_VO-STE%5BANG%5D_AMM-PTWEB_XQ.z0MmlinfU.smil/segment5_3_av.ts,1576342987.265,1576342990.9580002,4,3.68,536364,1.1660086956521738,0,0,10.120333,40.37,50.49,0,431267.0,4.987599960474308
8,https://arteptweb-vh.akamaihd.net/i/am/ptweb/083000/083200/083236-000-A_0_VO-STE%5BANG%5D_AMM-PTWEB_XQ.z0MmlinfU.smil/segment6_3_av.ts,1576342990.978,1576342995.6339998,5,4.644,482220,0.8306976744186046,0,0,10.075,50.49,60.56,0,387781.0,1.224613241106719
9,https://arteptweb-vh.akamaihd.net/i/am/ptweb/083000/083200/083236-000-A_0_VO-STE%5BANG%5D_AMM-PTWEB_XQ.z0MmlinfU.smil/segment7_3_av.ts,1576342999.146,1576343009.198,6,10.039,517940,0.41274230501045917,0,0,10.109667,60.56,70.67,0,413703.0,1.9448175494071156
10,https://arteptweb-vh.akamaihd.net/i/am/ptweb/083000/083200/083236-000-A_0_VO-STE%5BANG%5D_AMM-PTWEB_XQ.z0MmlinfU.smil/segment8_3_av.ts,1576343009.221,1576343022.769,7,13.535,575092,0.3399140007388252,0,0,10.144333,70.67,80.81,0,464886.0,1.2856498418972333
11,https://arteptweb-vh.akamaihd.net/i/am/ptweb/083000/083200/083236-000-A_0_VO-STE%5BANG%5D_AMM-PTWEB_XQ.z0MmlinfU.smil/segment9_3_av.ts,1576343022.783,1576343031.332,8,8.535,544636,0.5104965436438196,0,0,10.200333,80.82,91.02,0,440286.0,1.05096347826087
12,https://arteptweb-vh.akamaihd.net/i/am/ptweb/083000/083200/083236-000-A_0_VO-STE%5BANG%5D_AMM-PTWEB_XQ.z0MmlinfU.smil/segment10_3_av.ts,1576343031.353,1576343035.702,9,4.337,461164,0.8506599031588655,0,0,10.155,91.02,101.18,0,361338.0,3.0911228853754937
13,https://arteptweb-vh.akamaihd.net/i/am/ptweb/083000/083200/083236-000-A_0_VO-STE%5BANG%5D_AMM-PTWEB_XQ.z0MmlinfU.smil/segment11_3_av.ts,1576343039.146,1576343043.945,10,4.787,490868,0.820335074159181,0,0,10.2,101.17,111.37,0,394482.0,8.38473932806324
14,https://arteptweb-vh.akamaihd.net/i/am/ptweb/083000/083200/083236-000-A_0_VO-STE%5BANG%5D_AMM-PTWEB_XQ.z0MmlinfU.smil/segment12_3_av.ts,1576343049.146,1576343056.103,11,6.946,557420,0.6420040310970343,0,0,10.144333,111.37,121.51,0,424278.0,4.0239754150197635
15,https://arteptweb-vh.akamaihd.net/i/am/ptweb/083000/083200/083236-000-A_0_VO-STE%5BANG%5D_AMM-PTWEB_XQ.z0MmlinfU.smil/segment13_3_av.ts,1576343059.146,1576343067.804,12,8.647,511548,0.47327211749739795,0,0,10.080333,121.52,131.6,0,404210.0,2.8765079446640334
16,https://arteptweb-vh.akamaihd.net/i/am/ptweb/083000/083200/083236-000-A_0_VO-STE%5BANG%5D_AMM-PTWEB_XQ.z0MmlinfU.smil/segment14_3_av.ts,1576343069.146,1576343077.4069998,13,8.249,539372,0.5230907988847132,0,0,10.115,131.6,141.72,0,419032.0,0.4532909090909092
17,https://arteptweb-vh.akamaihd.net/i/am/ptweb/083000/083200/083236-000-A_0_VO-STE%5BANG%5D_AMM-PTWEB_XQ.z0MmlinfU.smil/segment15_3_av.ts,1576343079.146,1576343088.169,14,9.012,551404,0.48948424323124723,0,0,10.069666999999999,141.71,151.78,0,454849.0,4.002786403162055
18,https://arteptweb-vh.akamaihd.net/i/am/ptweb/083000/083200/083236-000-A_0_VO-STE%5BANG%5D_AMM-PTWEB_XQ.z0MmlinfU.smil/segment16_3_av.ts,1576343089.146,1576343093.8249998,15,4.668,463796,0.7948517566409596,0,0,10.104333,151.78,161.88,0,368630.0,0.9809201976284586
19,https://arteptweb-vh.akamaihd.net/i/am/ptweb/083000/083200/083236-000-A_0_VO-STE%5BANG%5D_AMM-PTWEB_XQ.z0MmlinfU.smil/segment17_3_av.ts,1576343099.146,1576343105.3019998,16,6.147,484852,0.631009598177973,0,0,10.120333,161.89,172.01,0,382864.0,3.2592442292490142
20,https://arteptweb-vh.akamaihd.net/i/am/ptweb/083000/083200/083236-000-A_0_VO-STE%5BANG%5D_AMM-PTWEB_XQ.z0MmlinfU.smil/segment18_3_av.ts,1576343109.146,1576343124.83,17,15.675,542004,0.2766208612440191,0,0,10.195,172.01,182.2,0,416328.0,3.7206943083003936
21,https://arteptweb-vh.akamaihd.net/i/am/ptweb/083000/083200/083236-000-A_0_VO-STE%5BANG%5D_AMM-PTWEB_XQ.z0MmlinfU.smil/segment19_3_av.ts,1576343124.85,1576343132.816,18,7.955,545388,0.5484731615336266,0,0,10.069666999999999,182.2,192.27,0,469264.0,1.3396204743083002
22,https://arteptweb-vh.akamaihd.net/i/am/ptweb/083000/083200/083236-000-A_0_VO-STE%5BANG%5D_AMM-PTWEB_XQ.z0MmlinfU.smil/segment20_3_av.ts,1576343132.833,1576343141.2159998,19,8.372,737148,0.7043936932632584,0,0,10.144333,192.27,202.41,0,582499.0,1.046406600790514
23,https://arteptweb-vh.akamaihd.net/i/am/ptweb/083000/083200/083236-000-A_0_VO-STE%5BANG%5D_AMM-PTWEB_XQ.z0MmlinfU.smil/segment21_3_av.ts,1576343141.235,1576343146.619,20,5.3740000000000006,644276,0.9591008559732042,0,0,10.080333,202.42,212.5,0,527171.0,1.5758631225296449
24,https://arteptweb-vh.akamaihd.net/i/am/ptweb/083000/083200/083236-000-A_0_VO-STE%5BANG%5D_AMM-PTWEB_XQ.z0MmlinfU.smil/segment22_3_av.ts,1576343149.146,1576343155.833,21,6.679,523956,0.6275861655936517,0,0,10.075,212.5,222.58,0,418732.0,1.8174943083003956
25,https://arteptweb-vh.akamaihd.net/i/am/ptweb/083000/083200/083236-000-A_0_VO-STE%5BANG%5D_AMM-PTWEB_XQ.z0MmlinfU.smil/segment23_3_av.ts,1576343159.146,1576343166.018,22,6.861,524332,0.6113767672350969,0,0,10.109667,222.57,232.68,0,421212.0,3.962563201581028
26,https://arteptweb-vh.akamaihd.net/i/am/ptweb/083000/083200/083236-000-A_0_VO-STE%5BANG%5D_AMM-PTWEB_XQ.z0MmlinfU.smil/segment24_3_av.ts,1576343169.146,1576343175.1439998,23,5.988,593140,0.792438209752839,0,0,10.144333,232.68,242.82,0,469699.0,5.346767391304344
27,https://arteptweb-vh.akamaihd.net/i/am/ptweb/083000/083200/083236-000-A_0_VO-STE%5BANG%5D_AMM-PTWEB_XQ.z0MmlinfU.smil/segment25_3_av.ts,1576343179.146,1576343183.74,24,4.587,596148,1.0397174623937215,0,0,10.080333,242.83,252.91,0,481474.0,0.030416521739130436
28,https://arteptweb-vh.akamaihd.net/i/am/ptweb/083000/083200/083236-000-A_0_VO-STE%5BANG%5D_AMM-PTWEB_XQ.z0MmlinfU.smil/segment26_3_av.ts,1576343189.147,1576343195.874,25,6.719,590132,0.7026426551570174,0,0,10.075,252.91,262.98,0,449983.0,5.127141264822134
29,https://arteptweb-vh.akamaihd.net/i/am/ptweb/083000/083200/083236-000-A_0_VO-STE%5BANG%5D_AMM-PTWEB_XQ.z0MmlinfU.smil/segment27_3_av.ts,1576343199.146,1576343203.008,26,3.855,475828,0.987451102464332,0,0,10.189667,262.98,273.17,0,372859.0,3.743114229249014
30,https://arteptweb-vh.akamaihd.net/i/am/ptweb/083000/083200/083236-000-A_0_VO-STE%5BANG%5D_AMM-PTWEB_XQ.z0MmlinfU.smil/segment28_3_av.ts,1576343209.146,1576343220.633,27,11.473,611188,0.4261748452889392,0,0,10.104333,273.17,283.27,0,503388.0,3.0585609090909074
31,https://arteptweb-vh.akamaihd.net/i/am/ptweb/083000/083200/083236-000-A_0_VO-STE%5BANG%5D_AMM-PTWEB_XQ.z0MmlinfU.smil/segment29_3_av.ts,1576343220.651,1576343225.379,28,4.722,527340,0.893418043202033,0,0,10.080333,283.28,293.36,0,402406.0,1.355226284584981
32,https://arteptweb-vh.akamaihd.net/i/am/ptweb/083000/083200/083236-000-A_0_VO-STE%5BANG%5D_AMM-PTWEB_XQ.z0MmlinfU.smil/segment30_3_av.ts,1576343229.146,1576343234.043,29,4.857,611188,1.0066921968293183,0,0,10.075,293.36,303.44,0,476426.0,2.04807162055336
33,https://arteptweb-vh.akamaihd.net/i/am/ptweb/083000/083200/083236-000-A_0_VO-STE%5BANG%5D_AMM-PTWEB_XQ.z0MmlinfU.smil/segment31_3_av.ts,1576343239.146,1576343243.786,30,4.627,608180,1.05153231035228,0,0,10.109667,303.43,313.54,0,492990.0,2.7828951383399207
34,https://arteptweb-vh.akamaihd.net/i/am/ptweb/083000/083200/083236-000-A_0_VO-STE%5BANG%5D_AMM-PTWEB_XQ.z0MmlinfU.smil/segment32_3_av.ts,1576343249.146,1576343253.957,31,4.7940000000000005,560052,0.9345882352941175,0,0,10.144333,313.54,323.68,0,436009.0,2.363466798418972
35,https://arteptweb-vh.akamaihd.net/i/am/ptweb/083000/083200/083236-000-A_0_VO-STE%5BANG%5D_AMM-PTWEB_XQ.z0MmlinfU.smil/segment33_3_av.ts,1576343259.147,1576343263.345,32,4.178,500268,0.9579090473910961,0,0,10.120333,323.68,333.8,0,414431.0,1.7604968774703569
36,https://arteptweb-vh.akamaihd.net/i/am/ptweb/083000/083200/083236-000-A_0_VO-STE%5BANG%5D_AMM-PTWEB_XQ.z0MmlinfU.smil/segment34_3_av.ts,1576343269.147,1576343273.4120002,33,4.2540000000000004,485228,0.9125115185707569,0,0,10.155,333.81,343.96,0,407013.0,1.2569447035573122
37,https://arteptweb-vh.akamaihd.net/i/am/ptweb/083000/083200/083236-000-A_0_VO-STE%5BANG%5D_AMM-PTWEB_XQ.z0MmlinfU.smil/segment35_3_av.ts,1576343279.146,1576343283.0609999,34,3.904,464172,0.951172131147541,0,0,10.12,343.96,354.08,0,358743.0,2.2405916600790516
38,https://arteptweb-vh.akamaihd.net/i/am/ptweb/083000/083200/083236-000-A_0_VO-STE%5BANG%5D_AMM-PTWEB_XQ.z0MmlinfU.smil/segment36_3_av.ts,1576343289.146,1576343293.807,35,4.647,569452,0.9803348396815148,0,0,10.104333,354.08,364.18,0,421872.0,0.29752252964426873
39,https://arteptweb-vh.akamaihd.net/i/am/ptweb/083000/083200/083236-000-A_0_VO-STE%5BANG%5D_AMM-PTWEB_XQ.z0MmlinfU.smil/segment37_3_av.ts,1576343299.146,1576343304.264,36,5.106,523956,0.8209259694477086,0,0,10.160333,364.18,374.34,0,382864.0,0.7122893675889328
40,https://arteptweb-vh.akamaihd.net/i/am/ptweb/083000/083200/083236-000-A_0_VO-STE%5BANG%5D_AMM-PTWEB_XQ.z0MmlinfU.smil/segment38_3_av.ts,1576343309.146,1576343319.9359999,37,10.734,554036,0.4129204397242407,0,0,10.155,374.34,384.49,0,399500.0,0.4614120948616602
41,https://arteptweb-vh.akamaihd.net/i/am/ptweb/083000/083200/083236-000-A_0_VO-STE%5BANG%5D_AMM-PTWEB_XQ.z0MmlinfU.smil/segment39_3_av.ts,1576343319.969,1576343330.838,38,10.835,545012,0.4024084910013843,0,0,10.16,384.5,394.66,0,420911.0,0.011384071146245059
42,https://arteptweb-vh.akamaihd.net/i/am/ptweb/083000/083200/083236-000-A_0_VO-STE%5BANG%5D_AMM-PTWEB_XQ.z0MmlinfU.smil/segment40_3_av.ts,1576343330.856,1576343342.3669999,39,11.497,455148,0.31670731495172655,0,0,10.144333,394.66,404.8,0,347273.0,1.9901970750988136
43,https://arteptweb-vh.akamaihd.net/i/am/ptweb/083000/083200/083236-000-A_0_VO-STE%5BANG%5D_AMM-PTWEB_XQ.z0MmlinfU.smil/segment41_3_av.ts,1576343342.38,1576343348.061,40,5.6450000000000005,505908,0.716964393268379,0,0,10.080333,404.8,414.88,0,363623.0,0.03291501976284585
44,https://arteptweb-vh.akamaihd.net/i/am/ptweb/083000/083200/083236-000-A_0_VO-STE%5BANG%5D_AMM-PTWEB_XQ.z0MmlinfU.smil/segment42_3_av.ts,1576343349.146,1576343357.853,41,8.695,577724,0.531545945945946,0,0,10.155,414.88,425.04,0,411219.0,0.00962893280632411
45,https://arteptweb-vh.akamaihd.net/i/am/ptweb/083000/083200/083236-000-A_0_VO-STE%5BANG%5D_AMM-PTWEB_XQ.z0MmlinfU.smil/segment43_3_av.ts,1576343359.146,1576343374.748,42,15.568,449508,0.2309907502569373,0,0,10.2,425.04,435.24,0,332614.0,0.5270476679841897
46,https://arteptweb-vh.akamaihd.net/i/am/ptweb/083000/083200/083236-000-A_0_VO-STE%5BANG%5D_AMM-PTWEB_XQ.z0MmlinfU.smil/segment44_3_av.ts,1576343374.76,1576343391.563,43,16.754,445372,0.21266419959412675,0,0,10.144333,435.24,445.38,0,365923.0,0.6349868379446639
