,url,timestamp_start,timestamp_finish,n_segment,t_download_s,body_size_byte,bandwidth_mbit,byte_start,byte_end,seg_len_s,t_start,t_end,quality_level_chosen,bitrate_level,vmaf_level,bitrate_level_encoded
0,https://arteptweb-vh.akamaihd.net/i/am/ptweb/083000/083200/083236-000-A_0_VO-STE%5BANG%5D_AMM-PTWEB_XQ.z0MmlinfU.smil/segment1_3_av.ts,1572245250.1379998,1572245251.9929998,0,1.833,644276,2.811897435897436,0,0,10.080333,0.0,10.08,0,515146.0,26.854688031496053,416323.7659574468
1,https://arteptweb-vh.akamaihd.net/i/am/ptweb/083000/083200/083236-000-A_0_VO-STE%5BANG%5D_AMM-PTWEB_XQ.z0MmlinfU.smil/segment2_0_av.ts,1572245252.104,1572245345.6190002,1,93.423,1904628,0.16309713882020488,0,0,10.115,10.08,20.2,2,1532548.0,84.24810780000003,1697757.1914893617
2,https://arteptweb-vh.akamaihd.net/i/am/ptweb/083000/083200/083236-000-A_0_VO-STE%5BANG%5D_AMM-PTWEB_XQ.z0MmlinfU.smil/segment2_3_av.ts,1572245345.664,1572245373.029,1,27.348000000000006,349492,0.10223548339915167,0,0,10.115,10.08,20.2,0,274497.0,27.38385853754939,416323.7659574468
3,https://arteptweb-vh.akamaihd.net/i/am/ptweb/083000/083200/083236-000-A_0_VO-STE%5BANG%5D_AMM-PTWEB_XQ.z0MmlinfU.smil/segment1_3_av.ts,1572245373.045,1572245422.8760002,0,49.79600000000001,644276,0.10350646638284199,0,0,10.080333,0.0,10.08,0,515146.0,26.854688031496053,416323.7659574468
4,https://arteptweb-vh.akamaihd.net/i/am/ptweb/083000/083200/083236-000-A_0_VO-STE%5BANG%5D_AMM-PTWEB_XQ.z0MmlinfU.smil/segment2_3_av.ts,1572245422.9020002,1572245452.365,1,29.446,349492,0.09495130068600148,0,0,10.115,10.08,20.2,0,274497.0,27.38385853754939,416323.7659574468
5,https://arteptweb-vh.akamaihd.net/i/am/ptweb/083000/083200/083236-000-A_0_VO-STE%5BANG%5D_AMM-PTWEB_XQ.z0MmlinfU.smil/segment3_3_av.ts,1572245452.3879998,1572245492.8760002,2,40.471,479212,0.09472698969632573,0,0,10.109667,20.2,30.31,0,370756.0,16.8037881027668,416323.7659574468
6,https://arteptweb-vh.akamaihd.net/i/am/ptweb/083000/083200/083236-000-A_0_VO-STE%5BANG%5D_AMM-PTWEB_XQ.z0MmlinfU.smil/segment4_3_av.ts,1572245492.908,1572245536.959,3,44.042,524332,0.09524217792107534,0,0,10.064333,30.3,40.36,0,431497.0,12.767149565217395,416323.7659574468
7,https://arteptweb-vh.akamaihd.net/i/am/ptweb/083000/083200/083236-000-A_0_VO-STE%5BANG%5D_AMM-PTWEB_XQ.z0MmlinfU.smil/segment5_3_av.ts,1572245536.992,1572245581.9060001,4,44.895,536364,0.09557661209488806,0,0,10.120333,40.37,50.49,0,431267.0,4.987599960474308,416323.7659574468
8,https://arteptweb-vh.akamaihd.net/i/am/ptweb/083000/083200/083236-000-A_0_VO-STE%5BANG%5D_AMM-PTWEB_XQ.z0MmlinfU.smil/segment6_3_av.ts,1572245581.928,1572245622.555,5,40.242,482220,0.09586402266288953,0,0,10.075,50.49,60.56,0,387781.0,1.224613241106719,416323.7659574468
9,https://arteptweb-vh.akamaihd.net/i/am/ptweb/083000/083200/083236-000-A_0_VO-STE%5BANG%5D_AMM-PTWEB_XQ.z0MmlinfU.smil/segment7_3_av.ts,1572245622.573,1572245666.228,6,43.61600000000001,517940,0.095,0,0,10.109667,60.56,70.67,0,413703.0,1.9448175494071158,416323.7659574468
10,https://arteptweb-vh.akamaihd.net/i/am/ptweb/083000/083200/083236-000-A_0_VO-STE%5BANG%5D_AMM-PTWEB_XQ.z0MmlinfU.smil/segment8_3_av.ts,1572245666.2429998,1572245674.3960001,7,8.131,575092,0.5658265895953757,0,0,10.144333,70.67,80.81,0,464886.0,1.2856498418972333,416323.7659574468
11,https://arteptweb-vh.akamaihd.net/i/am/ptweb/083000/083200/083236-000-A_0_VO-STE%5BANG%5D_AMM-PTWEB_XQ.z0MmlinfU.smil/segment9_3_av.ts,1572245674.425,1572245679.1360002,8,4.702,544636,0.9266456826882178,0,0,10.200333,80.82,91.02,0,440286.0,1.05096347826087,416323.7659574468
12,https://arteptweb-vh.akamaihd.net/i/am/ptweb/083000/083200/083236-000-A_0_VO-STE%5BANG%5D_AMM-PTWEB_XQ.z0MmlinfU.smil/segment10_3_av.ts,1572245679.15,1572245683.309,9,4.15,461164,0.8889908433734939,0,0,10.155,91.02,101.18,0,361338.0,3.0911228853754937,416323.7659574468
13,https://arteptweb-vh.akamaihd.net/i/am/ptweb/083000/083200/083236-000-A_0_VO-STE%5BANG%5D_AMM-PTWEB_XQ.z0MmlinfU.smil/segment11_3_av.ts,1572245683.321,1572245687.419,10,4.088,490868,0.9606027397260272,0,0,10.2,101.17,111.37,0,394482.0,8.38473932806324,416323.7659574468
14,https://arteptweb-vh.akamaihd.net/i/am/ptweb/083000/083200/083236-000-A_0_VO-STE%5BANG%5D_AMM-PTWEB_XQ.z0MmlinfU.smil/segment12_3_av.ts,1572245691.3070002,1572245695.96,11,4.644,557420,0.960241171403962,0,0,10.144333,111.37,121.51,0,424278.0,4.0239754150197635,416323.7659574468
15,https://arteptweb-vh.akamaihd.net/i/am/ptweb/083000/083200/083236-000-A_0_VO-STE%5BANG%5D_AMM-PTWEB_XQ.z0MmlinfU.smil/segment13_3_av.ts,1572245701.3070002,1572245715.074,12,13.731,511548,0.2980397640375792,0,0,10.080333,121.52,131.6,0,404210.0,2.8765079446640334,416323.7659574468
16,https://arteptweb-vh.akamaihd.net/i/am/ptweb/083000/083200/083236-000-A_0_VO-STE%5BANG%5D_AMM-PTWEB_XQ.z0MmlinfU.smil/segment14_3_av.ts,1572245715.09,1572245728.37,13,13.271,539372,0.3251432446688267,0,0,10.115,131.6,141.72,0,419032.0,0.4532909090909092,416323.7659574468
17,https://arteptweb-vh.akamaihd.net/i/am/ptweb/083000/083200/083236-000-A_0_VO-STE%5BANG%5D_AMM-PTWEB_XQ.z0MmlinfU.smil/segment15_3_av.ts,1572245728.387,1572245773.525,14,45.13,551404,0.09774500332373144,0,0,10.069666999999999,141.71,151.78,0,454849.0,4.002786403162055,416323.7659574468
18,https://arteptweb-vh.akamaihd.net/i/am/ptweb/083000/083200/083236-000-A_0_VO-STE%5BANG%5D_AMM-PTWEB_XQ.z0MmlinfU.smil/segment16_3_av.ts,1572245773.539,1572245812.339,15,38.79,463796,0.09565269399329723,0,0,10.104333,151.78,161.88,0,368630.0,0.9809201976284586,416323.7659574468
19,https://arteptweb-vh.akamaihd.net/i/am/ptweb/083000/083200/083236-000-A_0_VO-STE%5BANG%5D_AMM-PTWEB_XQ.z0MmlinfU.smil/segment17_3_av.ts,1572245812.354,1572245853.0979998,16,40.707,484852,0.09528621612990394,0,0,10.120333,161.89,172.01,0,382864.0,3.2592442292490142,416323.7659574468
20,https://arteptweb-vh.akamaihd.net/i/am/ptweb/083000/083200/083236-000-A_0_VO-STE%5BANG%5D_AMM-PTWEB_XQ.z0MmlinfU.smil/segment18_3_av.ts,1572245853.111,1572245898.535,17,45.386,542004,0.09553677345436916,0,0,10.195,172.01,182.2,0,416328.0,3.7206943083003936,416323.7659574468
21,https://arteptweb-vh.akamaihd.net/i/am/ptweb/083000/083200/083236-000-A_0_VO-STE%5BANG%5D_AMM-PTWEB_XQ.z0MmlinfU.smil/segment19_3_av.ts,1572245898.5470002,1572245944.343,18,45.757,545388,0.09535380378958412,0,0,10.069666999999999,182.2,192.27,0,469264.0,1.3396204743083002,416323.7659574468
22,https://arteptweb-vh.akamaihd.net/i/am/ptweb/083000/083200/083236-000-A_0_VO-STE%5BANG%5D_AMM-PTWEB_XQ.z0MmlinfU.smil/segment20_3_av.ts,1572245944.36,1572246006.143,19,61.74500000000001,737148,0.09550868896266902,0,0,10.144333,192.27,202.41,0,582499.0,1.046406600790514,416323.7659574468
23,https://arteptweb-vh.akamaihd.net/i/am/ptweb/083000/083200/083236-000-A_0_VO-STE%5BANG%5D_AMM-PTWEB_XQ.z0MmlinfU.smil/segment21_3_av.ts,1572246006.16,1572246060.309,20,54.114,644276,0.09524721883431274,0,0,10.080333,202.42,212.5,0,527171.0,1.5758631225296449,416323.7659574468
24,https://arteptweb-vh.akamaihd.net/i/am/ptweb/083000/083200/083236-000-A_0_VO-STE%5BANG%5D_AMM-PTWEB_XQ.z0MmlinfU.smil/segment22_3_av.ts,1572246060.325,1572246104.5570002,21,43.88399999999999,523956,0.09551654361498496,0,0,10.075,212.5,222.58,0,418732.0,1.8174943083003958,416323.7659574468
25,https://arteptweb-vh.akamaihd.net/i/am/ptweb/083000/083200/083236-000-A_0_VO-STE%5BANG%5D_AMM-PTWEB_XQ.z0MmlinfU.smil/segment23_3_av.ts,1572246104.57,1572246148.488,22,43.874,524332,0.09560687423075168,0,0,10.109667,222.57,232.68,0,421212.0,3.962563201581028,416323.7659574468
26,https://arteptweb-vh.akamaihd.net/i/am/ptweb/083000/083200/083236-000-A_0_VO-STE%5BANG%5D_AMM-PTWEB_XQ.z0MmlinfU.smil/segment24_3_av.ts,1572246148.5010002,1572246198.25,23,49.71100000000001,593140,0.09545412484158436,0,0,10.144333,232.68,242.82,0,469699.0,5.346767391304344,416323.7659574468
27,https://arteptweb-vh.akamaihd.net/i/am/ptweb/083000/083200/083236-000-A_0_VO-STE%5BANG%5D_AMM-PTWEB_XQ.z0MmlinfU.smil/segment25_3_av.ts,1572246198.2670002,1572246248.444,24,50.142,596148,0.09511355749670934,0,0,10.080333,242.83,252.91,0,481474.0,0.030416521739130436,416323.7659574468
28,https://arteptweb-vh.akamaihd.net/i/am/ptweb/083000/083200/083236-000-A_0_VO-STE%5BANG%5D_AMM-PTWEB_XQ.z0MmlinfU.smil/segment26_3_av.ts,1572246248.461,1572246297.9689999,25,49.456,590132,0.09545972177288904,0,0,10.075,252.91,262.98,0,449983.0,5.127141264822134,416323.7659574468
29,https://arteptweb-vh.akamaihd.net/i/am/ptweb/083000/083200/083236-000-A_0_VO-STE%5BANG%5D_AMM-PTWEB_XQ.z0MmlinfU.smil/segment27_3_av.ts,1572246297.982,1572246336.5879998,26,38.562,475828,0.09871438203412686,0,0,10.189667,262.98,273.17,0,372859.0,3.743114229249014,416323.7659574468
30,https://arteptweb-vh.akamaihd.net/i/am/ptweb/083000/083200/083236-000-A_0_VO-STE%5BANG%5D_AMM-PTWEB_XQ.z0MmlinfU.smil/segment28_3_av.ts,1572246336.605,1572246387.4870002,27,50.819,611188,0.09621409315413523,0,0,10.104333,273.17,283.27,0,503388.0,3.0585609090909074,416323.7659574468
31,https://arteptweb-vh.akamaihd.net/i/am/ptweb/083000/083200/083236-000-A_0_VO-STE%5BANG%5D_AMM-PTWEB_XQ.z0MmlinfU.smil/segment29_3_av.ts,1572246387.505,1572246431.798,28,44.244,527340,0.09535123406563603,0,0,10.080333,283.28,293.36,0,402406.0,1.355226284584981,416323.7659574468
32,https://arteptweb-vh.akamaihd.net/i/am/ptweb/083000/083200/083236-000-A_0_VO-STE%5BANG%5D_AMM-PTWEB_XQ.z0MmlinfU.smil/segment30_3_av.ts,1572246431.811,1572246481.809,29,49.95399999999999,611188,0.0978801297193418,0,0,10.075,293.36,303.44,0,476426.0,2.04807162055336,416323.7659574468
33,https://arteptweb-vh.akamaihd.net/i/am/ptweb/083000/083200/083236-000-A_0_VO-STE%5BANG%5D_AMM-PTWEB_XQ.z0MmlinfU.smil/segment31_3_av.ts,1572246481.824,1572246530.5779998,30,48.71100000000001,608180,0.09988380447948103,0,0,10.109667,303.43,313.54,0,492990.0,2.7828951383399207,416323.7659574468
34,https://arteptweb-vh.akamaihd.net/i/am/ptweb/083000/083200/083236-000-A_0_VO-STE%5BANG%5D_AMM-PTWEB_XQ.z0MmlinfU.smil/segment32_3_av.ts,1572246530.607,1572246572.641,31,42.012,560052,0.10664610111396744,0,0,10.144333,313.54,323.68,0,436009.0,2.363466798418972,416323.7659574468
35,https://arteptweb-vh.akamaihd.net/i/am/ptweb/083000/083200/083236-000-A_0_VO-STE%5BANG%5D_AMM-PTWEB_XQ.z0MmlinfU.smil/segment33_3_av.ts,1572246572.657,1572246613.296,32,40.593,500268,0.09859197398566254,0,0,10.120333,323.68,333.8,0,414431.0,1.7604968774703569,416323.7659574468
36,https://arteptweb-vh.akamaihd.net/i/am/ptweb/083000/083200/083236-000-A_0_VO-STE%5BANG%5D_AMM-PTWEB_XQ.z0MmlinfU.smil/segment34_3_av.ts,1572246613.316,1572246654.083,33,40.729,485228,0.09530860075130744,0,0,10.155,333.81,343.96,0,407013.0,1.2569447035573122,416323.7659574468
37,https://arteptweb-vh.akamaihd.net/i/am/ptweb/083000/083200/083236-000-A_0_VO-STE%5BANG%5D_AMM-PTWEB_XQ.z0MmlinfU.smil/segment35_3_av.ts,1572246654.0979998,1572246692.986,34,38.852,464172,0.09557747348913824,0,0,10.12,343.96,354.08,0,358743.0,2.2405916600790516,416323.7659574468
38,https://arteptweb-vh.akamaihd.net/i/am/ptweb/083000/083200/083236-000-A_0_VO-STE%5BANG%5D_AMM-PTWEB_XQ.z0MmlinfU.smil/segment36_3_av.ts,1572246692.9989998,1572246740.611,35,47.573,569452,0.09576053643873624,0,0,10.104333,354.08,364.18,0,421872.0,0.29752252964426873,416323.7659574468
39,https://arteptweb-vh.akamaihd.net/i/am/ptweb/083000/083200/083236-000-A_0_VO-STE%5BANG%5D_AMM-PTWEB_XQ.z0MmlinfU.smil/segment37_3_av.ts,1572246740.6320002,1572246784.744,36,44.047,523956,0.09516307580538967,0,0,10.160333,364.18,374.34,0,382864.0,0.7122893675889328,416323.7659574468
40,https://arteptweb-vh.akamaihd.net/i/am/ptweb/083000/083200/083236-000-A_0_VO-STE%5BANG%5D_AMM-PTWEB_XQ.z0MmlinfU.smil/segment38_3_av.ts,1572246784.7570002,1572246831.065,37,46.264,554036,0.095804253847484,0,0,10.155,374.34,384.49,0,399500.0,0.4614120948616602,416323.7659574468
41,https://arteptweb-vh.akamaihd.net/i/am/ptweb/083000/083200/083236-000-A_0_VO-STE%5BANG%5D_AMM-PTWEB_XQ.z0MmlinfU.smil/segment39_3_av.ts,1572246831.085,1572246856.065,38,24.948,545012,0.1747673561006894,0,0,10.16,384.5,394.66,0,420911.0,0.011384071146245059,416323.7659574468
42,https://arteptweb-vh.akamaihd.net/i/am/ptweb/083000/083200/083236-000-A_0_VO-STE%5BANG%5D_AMM-PTWEB_XQ.z0MmlinfU.smil/segment40_3_av.ts,1572246856.079,1572246859.924,39,3.791,455148,0.9604811395410182,0,0,10.144333,394.66,404.8,0,347273.0,1.9901970750988136,416323.7659574468
43,https://arteptweb-vh.akamaihd.net/i/am/ptweb/083000/083200/083236-000-A_0_VO-STE%5BANG%5D_AMM-PTWEB_XQ.z0MmlinfU.smil/segment41_3_av.ts,1572246859.941,1572246864.166,40,4.214,505908,0.9604328429046036,0,0,10.080333,404.8,414.88,0,363623.0,0.03291501976284585,416323.7659574468
44,https://arteptweb-vh.akamaihd.net/i/am/ptweb/083000/083200/083236-000-A_0_VO-STE%5BANG%5D_AMM-PTWEB_XQ.z0MmlinfU.smil/segment42_3_av.ts,1572246864.18,1572246869.0029998,41,4.813,577724,0.9602725950550592,0,0,10.155,414.88,425.04,0,411219.0,0.00962893280632411,416323.7659574468
45,https://arteptweb-vh.akamaihd.net/i/am/ptweb/083000/083200/083236-000-A_0_VO-STE%5BANG%5D_AMM-PTWEB_XQ.z0MmlinfU.smil/segment43_3_av.ts,1572246871.207,1572246874.9620001,42,3.744,449508,0.9604871794871792,0,0,10.2,425.04,435.24,0,332614.0,0.5270476679841897,416323.7659574468
46,https://arteptweb-vh.akamaihd.net/i/am/ptweb/083000/083200/083236-000-A_0_VO-STE%5BANG%5D_AMM-PTWEB_XQ.z0MmlinfU.smil/segment44_3_av.ts,1572246881.206,1572246889.19,43,7.974,445372,0.4468241785803863,0,0,10.144333,435.24,445.38,0,365923.0,0.6349868379446639,416323.7659574468
47,https://arteptweb-vh.akamaihd.net/i/am/ptweb/083000/083200/083236-000-A_0_VO-STE%5BANG%5D_AMM-PTWEB_XQ.z0MmlinfU.smil/segment45_3_av.ts,1572246891.207,1572246902.4160001,44,11.199000000000002,455524,0.3254033395838914,0,0,10.200333,445.38,455.58,0,356708.0,0.7799568379446642,416323.7659574468
48,https://arteptweb-vh.akamaihd.net/i/am/ptweb/083000/083200/083236-000-A_0_VO-STE%5BANG%5D_AMM-PTWEB_XQ.z0MmlinfU.smil/segment46_3_av.ts,1572246902.4320002,1572246916.794,45,14.352,470188,0.2620891861761427,0,0,10.195,455.58,465.78,0,351722.0,1.9064459683794484,416323.7659574468
49,https://arteptweb-vh.akamaihd.net/i/am/ptweb/083000/083200/083236-000-A_0_VO-STE%5BANG%5D_AMM-PTWEB_XQ.z0MmlinfU.smil/segment47_3_av.ts,1572246916.809,1572246958.283,46,41.437,493876,0.09534975987643893,0,0,10.069666999999999,465.78,475.85,0,372859.0,1.9064459683794484,416323.7659574468
