,url,timestamp_start,timestamp_finish,n_segment,t_download_s,body_size_byte,bandwidth_mbit,byte_start,byte_end,seg_len_s,t_start,t_end,quality_level_chosen,bitrate_level,vmaf_level
0,https://arteptweb-vh.akamaihd.net/i/am/ptweb/083000/083200/083236-000-A_0_VO-STE%5BANG%5D_AMM-PTWEB_XQ.z0MmlinfU.smil/segment1_3_av.ts,1576347009.925,1576347014.96,0,4.98,644276,1.0349815261044175,0,0,10.080333,0.0,10.08,0,515146.0,26.85468803149605
1,https://arteptweb-vh.akamaihd.net/i/am/ptweb/083000/083200/083236-000-A_0_VO-STE%5BANG%5D_AMM-PTWEB_XQ.z0MmlinfU.smil/segment2_3_av.ts,1576347015.014,1576347016.741,1,1.715,349492,1.630283381924198,0,0,10.115,10.08,20.2,0,274497.0,27.38385853754939
2,https://arteptweb-vh.akamaihd.net/i/am/ptweb/083000/083200/083236-000-A_0_VO-STE%5BANG%5D_AMM-PTWEB_XQ.z0MmlinfU.smil/segment3_3_av.ts,1576347016.766,1576347019.782,2,3.004,479212,1.2761970705725698,0,0,10.109667,20.2,30.31,0,370756.0,16.8037881027668
3,https://arteptweb-vh.akamaihd.net/i/am/ptweb/083000/083200/083236-000-A_0_VO-STE%5BANG%5D_AMM-PTWEB_XQ.z0MmlinfU.smil/segment4_3_av.ts,1576347020.181,1576347023.6299999,3,3.438,524332,1.220086096567772,0,0,10.064333,30.3,40.36,0,431497.0,12.767149565217395
4,https://arteptweb-vh.akamaihd.net/i/am/ptweb/083000/083200/083236-000-A_0_VO-STE%5BANG%5D_AMM-PTWEB_XQ.z0MmlinfU.smil/segment5_3_av.ts,1576347030.178,1576347031.659,4,1.469,536364,2.9209748127978212,0,0,10.120333,40.37,50.49,0,431267.0,4.987599960474308
5,https://arteptweb-vh.akamaihd.net/i/am/ptweb/083000/083200/083236-000-A_0_VO-STE%5BANG%5D_AMM-PTWEB_XQ.z0MmlinfU.smil/segment6_2_av.ts,1576347040.226,1576347046.552,5,6.131,1210156,1.5790650791061815,0,0,10.075,50.49,60.56,1,958529.0,77.66358928000005
6,https://arteptweb-vh.akamaihd.net/i/am/ptweb/083000/083200/083236-000-A_0_VO-STE%5BANG%5D_AMM-PTWEB_XQ.z0MmlinfU.smil/segment5_2_av.ts,1576347046.603,1576347051.553,4,4.704,1417708,2.4110680272108844,0,0,10.120333,40.37,50.49,1,1101658.0,84.64912628000006
7,https://arteptweb-vh.akamaihd.net/i/am/ptweb/083000/083200/083236-000-A_0_VO-STE%5BANG%5D_AMM-PTWEB_XQ.z0MmlinfU.smil/segment6_2_av.ts,1576347051.609,1576347056.273,5,4.646,1210156,2.083781317262161,0,0,10.075,50.49,60.56,1,958529.0,77.66358928000005
8,https://arteptweb-vh.akamaihd.net/i/am/ptweb/083000/083200/083236-000-A_0_VO-STE%5BANG%5D_AMM-PTWEB_XQ.z0MmlinfU.smil/segment7_2_av.ts,1576347056.308,1576347060.187,6,3.858,1236852,2.5647527216174177,0,0,10.109667,60.56,70.67,1,964466.0,80.05868459999998
9,https://arteptweb-vh.akamaihd.net/i/am/ptweb/083000/083200/083236-000-A_0_VO-STE%5BANG%5D_AMM-PTWEB_XQ.z0MmlinfU.smil/segment8_2_av.ts,1576347060.209,1576347064.73,7,4.503,1426356,2.5340546302465023,0,0,10.144333,70.67,80.81,1,1117733.0,80.10294552000005
10,https://arteptweb-vh.akamaihd.net/i/am/ptweb/083000/083200/083236-000-A_0_VO-STE%5BANG%5D_AMM-PTWEB_XQ.z0MmlinfU.smil/segment9_2_av.ts,1576347070.178,1576347073.9359999,8,3.673,1413948,3.079658045194664,0,0,10.200333,80.82,91.02,1,1160843.0,81.72719920000003
11,https://arteptweb-vh.akamaihd.net/i/am/ptweb/083000/083200/083236-000-A_0_VO-STE%5BANG%5D_AMM-PTWEB_XQ.z0MmlinfU.smil/segment10_0_av.ts,1576347080.213,1576347091.088,9,9.346,2148652,1.8392056494757114,0,0,10.155,91.02,101.18,2,1673727.0,86.85406543999994
12,https://arteptweb-vh.akamaihd.net/i/am/ptweb/083000/083200/083236-000-A_0_VO-STE%5BANG%5D_AMM-PTWEB_XQ.z0MmlinfU.smil/segment9_0_av.ts,1576347091.163,1576347101.9490001,8,10.123,2520892,1.9922094240837698,0,0,10.200333,80.82,91.02,2,1993619.0,91.55739920318723
13,https://arteptweb-vh.akamaihd.net/i/am/ptweb/083000/083200/083236-000-A_0_VO-STE%5BANG%5D_AMM-PTWEB_XQ.z0MmlinfU.smil/segment10_3_av.ts,1576347102.005,1576347104.2350001,9,1.907,461164,1.9346156266386993,0,0,10.155,91.02,101.18,0,361338.0,3.0911228853754937
14,https://arteptweb-vh.akamaihd.net/i/am/ptweb/083000/083200/083236-000-A_0_VO-STE%5BANG%5D_AMM-PTWEB_XQ.z0MmlinfU.smil/segment9_3_av.ts,1576347104.249,1576347106.9550002,8,2.27,544636,1.919422026431718,0,0,10.200333,80.82,91.02,0,440286.0,1.05096347826087
15,https://arteptweb-vh.akamaihd.net/i/am/ptweb/083000/083200/083236-000-A_0_VO-STE%5BANG%5D_AMM-PTWEB_XQ.z0MmlinfU.smil/segment10_3_av.ts,1576347106.973,1576347109.532,9,2.5420000000000003,461164,1.4513422501966953,0,0,10.155,91.02,101.18,0,361338.0,3.0911228853754937
16,https://arteptweb-vh.akamaihd.net/i/am/ptweb/083000/083200/083236-000-A_0_VO-STE%5BANG%5D_AMM-PTWEB_XQ.z0MmlinfU.smil/segment11_3_av.ts,1576347109.558,1576347111.141,10,1.52,490868,2.583515789473684,0,0,10.2,101.17,111.37,0,394482.0,8.38473932806324
17,https://arteptweb-vh.akamaihd.net/i/am/ptweb/083000/083200/083236-000-A_0_VO-STE%5BANG%5D_AMM-PTWEB_XQ.z0MmlinfU.smil/segment12_2_av.ts,1576347111.157,1576347116.296,11,5.085,1366572,2.149965781710914,0,0,10.144333,111.37,121.51,1,1068214.0,82.14955991999999
18,https://arteptweb-vh.akamaihd.net/i/am/ptweb/083000/083200/083236-000-A_0_VO-STE%5BANG%5D_AMM-PTWEB_XQ.z0MmlinfU.smil/segment11_2_av.ts,1576347116.321,1576347125.223,10,8.783,1173684,1.069050666059433,0,0,10.2,101.17,111.37,1,941769.0,79.97629207171319
19,https://arteptweb-vh.akamaihd.net/i/am/ptweb/083000/083200/083236-000-A_0_VO-STE%5BANG%5D_AMM-PTWEB_XQ.z0MmlinfU.smil/segment12_3_av.ts,1576347125.25,1576347129.447,11,4.1690000000000005,557420,1.0696473974574239,0,0,10.144333,111.37,121.51,0,424278.0,4.0239754150197635
20,https://arteptweb-vh.akamaihd.net/i/am/ptweb/083000/083200/083236-000-A_0_VO-STE%5BANG%5D_AMM-PTWEB_XQ.z0MmlinfU.smil/segment11_3_av.ts,1576347129.457,1576347133.338,10,3.652,490868,1.0752858707557502,0,0,10.2,101.17,111.37,0,394482.0,8.38473932806324
21,https://arteptweb-vh.akamaihd.net/i/am/ptweb/083000/083200/083236-000-A_0_VO-STE%5BANG%5D_AMM-PTWEB_XQ.z0MmlinfU.smil/segment12_3_av.ts,1576347133.354,1576347137.775,11,4.409,557420,1.0114220911771377,0,0,10.144333,111.37,121.51,0,424278.0,4.0239754150197635
22,https://arteptweb-vh.akamaihd.net/i/am/ptweb/083000/083200/083236-000-A_0_VO-STE%5BANG%5D_AMM-PTWEB_XQ.z0MmlinfU.smil/segment13_3_av.ts,1576347137.791,1576347142.783,12,4.9590000000000005,511548,0.825243799153055,0,0,10.080333,121.52,131.6,0,404210.0,2.8765079446640334
23,https://arteptweb-vh.akamaihd.net/i/am/ptweb/083000/083200/083236-000-A_0_VO-STE%5BANG%5D_AMM-PTWEB_XQ.z0MmlinfU.smil/segment14_3_av.ts,1576347142.796,1576347148.329,13,5.517,539372,0.7821236179082833,0,0,10.115,131.6,141.72,0,419032.0,0.4532909090909092
24,https://arteptweb-vh.akamaihd.net/i/am/ptweb/083000/083200/083236-000-A_0_VO-STE%5BANG%5D_AMM-PTWEB_XQ.z0MmlinfU.smil/segment15_3_av.ts,1576347148.344,1576347152.786,14,4.429,551404,0.9959882592007224,0,0,10.069666999999999,141.71,151.78,0,454849.0,4.002786403162055
25,https://arteptweb-vh.akamaihd.net/i/am/ptweb/083000/083200/083236-000-A_0_VO-STE%5BANG%5D_AMM-PTWEB_XQ.z0MmlinfU.smil/segment16_3_av.ts,1576347152.801,1576347155.953,15,3.142,463796,1.1808936982813494,0,0,10.104333,151.78,161.88,0,368630.0,0.9809201976284586
26,https://arteptweb-vh.akamaihd.net/i/am/ptweb/083000/083200/083236-000-A_0_VO-STE%5BANG%5D_AMM-PTWEB_XQ.z0MmlinfU.smil/segment17_3_av.ts,1576347159.878,1576347162.866,16,2.974,484852,1.3042420981842635,0,0,10.120333,161.89,172.01,0,382864.0,3.2592442292490142
27,https://arteptweb-vh.akamaihd.net/i/am/ptweb/083000/083200/083236-000-A_0_VO-STE%5BANG%5D_AMM-PTWEB_XQ.z0MmlinfU.smil/segment18_3_av.ts,1576347169.878,1576347171.987,17,2.073,542004,2.09167004341534,0,0,10.195,172.01,182.2,0,416328.0,3.7206943083003936
28,https://arteptweb-vh.akamaihd.net/i/am/ptweb/083000/083200/083236-000-A_0_VO-STE%5BANG%5D_AMM-PTWEB_XQ.z0MmlinfU.smil/segment19_3_av.ts,1576347179.878,1576347182.715,18,2.816,545388,1.5493977272727273,0,0,10.069666999999999,182.2,192.27,0,469264.0,1.3396204743083002
29,https://arteptweb-vh.akamaihd.net/i/am/ptweb/083000/083200/083236-000-A_0_VO-STE%5BANG%5D_AMM-PTWEB_XQ.z0MmlinfU.smil/segment20_3_av.ts,1576347189.878,1576347193.01,19,3.0620000000000003,737148,1.9259255388634875,0,0,10.144333,192.27,202.41,0,582499.0,1.046406600790514
30,https://arteptweb-vh.akamaihd.net/i/am/ptweb/083000/083200/083236-000-A_0_VO-STE%5BANG%5D_AMM-PTWEB_XQ.z0MmlinfU.smil/segment21_2_av.ts,1576347199.879,1576347206.8439999,20,6.852,1185716,1.384373613543491,0,0,10.080333,202.42,212.5,1,952949.0,31.33419752988048
31,https://arteptweb-vh.akamaihd.net/i/am/ptweb/083000/083200/083236-000-A_0_VO-STE%5BANG%5D_AMM-PTWEB_XQ.z0MmlinfU.smil/segment20_2_av.ts,1576347206.866,1576347213.049,19,5.686,1416956,1.9936067534294757,0,0,10.144333,192.27,202.41,1,1124552.0,33.56060628000001
32,https://arteptweb-vh.akamaihd.net/i/am/ptweb/083000/083200/083236-000-A_0_VO-STE%5BANG%5D_AMM-PTWEB_XQ.z0MmlinfU.smil/segment21_2_av.ts,1576347213.078,1576347217.6590002,20,4.564,1185716,2.0783803680981596,0,0,10.080333,202.42,212.5,1,952949.0,31.33419752988048
33,https://arteptweb-vh.akamaihd.net/i/am/ptweb/083000/083200/083236-000-A_0_VO-STE%5BANG%5D_AMM-PTWEB_XQ.z0MmlinfU.smil/segment22_2_av.ts,1576347217.687,1576347221.139,21,3.439,1179700,2.744286129688863,0,0,10.075,212.5,222.58,1,933030.0,7.642843999999998
34,https://arteptweb-vh.akamaihd.net/i/am/ptweb/083000/083200/083236-000-A_0_VO-STE%5BANG%5D_AMM-PTWEB_XQ.z0MmlinfU.smil/segment23_2_av.ts,1576347221.167,1576347225.56,22,4.375,1318444,2.4108690285714283,0,0,10.109667,222.57,232.68,1,1043313.0,5.013387439999999
35,https://arteptweb-vh.akamaihd.net/i/am/ptweb/083000/083200/083236-000-A_0_VO-STE%5BANG%5D_AMM-PTWEB_XQ.z0MmlinfU.smil/segment24_2_av.ts,1576347229.877,1576347235.835,23,5.899,1149620,1.559071028987964,0,0,10.144333,232.68,242.82,1,882888.0,16.76603436
36,https://arteptweb-vh.akamaihd.net/i/am/ptweb/083000/083200/083236-000-A_0_VO-STE%5BANG%5D_AMM-PTWEB_XQ.z0MmlinfU.smil/segment25_2_av.ts,1576347239.877,1576347243.163,24,3.231,1185716,2.9358489631692977,0,0,10.080333,242.83,252.91,1,964885.0,10.155717519999994
37,https://arteptweb-vh.akamaihd.net/i/am/ptweb/083000/083200/083236-000-A_0_VO-STE%5BANG%5D_AMM-PTWEB_XQ.z0MmlinfU.smil/segment26_2_av.ts,1576347249.877,1576347253.6920002,25,3.519,1375220,3.1263881784597896,0,0,10.075,252.91,262.98,1,1080043.0,6.842660559999999
38,https://arteptweb-vh.akamaihd.net/i/am/ptweb/083000/083200/083236-000-A_0_VO-STE%5BANG%5D_AMM-PTWEB_XQ.z0MmlinfU.smil/segment27_2_av.ts,1576347259.877,1576347262.042,26,2.082,1017268,3.9088107588856875,0,0,10.189667,262.98,273.17,1,801027.0,18.88547192
39,https://arteptweb-vh.akamaihd.net/i/am/ptweb/083000/083200/083236-000-A_0_VO-STE%5BANG%5D_AMM-PTWEB_XQ.z0MmlinfU.smil/segment28_0_av.ts,1576347269.879,1576347277.919,27,6.86,2307700,2.691195335276968,0,0,10.104333,273.17,283.27,2,1848531.0,21.49071884000001
40,https://arteptweb-vh.akamaihd.net/i/am/ptweb/083000/083200/083236-000-A_0_VO-STE%5BANG%5D_AMM-PTWEB_XQ.z0MmlinfU.smil/segment27_0_av.ts,1576347277.967,1576347284.317,26,5.757000000000001,1832436,2.546376237623762,0,0,10.189667,262.98,273.17,2,1457554.0,18.227471599999987
41,https://arteptweb-vh.akamaihd.net/i/am/ptweb/083000/083200/083236-000-A_0_VO-STE%5BANG%5D_AMM-PTWEB_XQ.z0MmlinfU.smil/segment28_0_av.ts,1576347284.359,1576347294.019,27,9.643,2307700,1.9145079332158041,0,0,10.104333,273.17,283.27,2,1848531.0,21.49071884000001
42,https://arteptweb-vh.akamaihd.net/i/am/ptweb/083000/083200/083236-000-A_0_VO-STE%5BANG%5D_AMM-PTWEB_XQ.z0MmlinfU.smil/segment29_2_av.ts,1576347294.08,1576347299.925,28,5.8020000000000005,1222188,1.685195449844881,0,0,10.080333,283.28,293.36,1,977120.0,20.76572876
43,https://arteptweb-vh.akamaihd.net/i/am/ptweb/083000/083200/083236-000-A_0_VO-STE%5BANG%5D_AMM-PTWEB_XQ.z0MmlinfU.smil/segment29_3_av.ts,1576347299.95,1576347301.795,28,1.826,527340,2.3103614457831325,0,0,10.080333,283.28,293.36,0,402406.0,1.355226284584981
44,https://arteptweb-vh.akamaihd.net/i/am/ptweb/083000/083200/083236-000-A_0_VO-STE%5BANG%5D_AMM-PTWEB_XQ.z0MmlinfU.smil/segment28_3_av.ts,1576347301.817,1576347304.1079998,27,2.225,611188,2.197529887640449,0,0,10.104333,273.17,283.27,0,503388.0,3.0585609090909074
