,url,timestamp_start,timestamp_finish,n_segment,t_download_s,body_size_byte,bandwidth_mbit,byte_start,byte_end,seg_len_s,t_start,t_end,quality_level_chosen,bitrate_level,vmaf_level,bitrate_level_encoded
0,https://arteptweb-vh.akamaihd.net/i/am/ptweb/085000/085800/085801-006-A_2_VOF-STE%5BANG%5D_AMM-PTWEB_XQ.1CY9Gu6Ul4.smil/segment1_3_av.ts,1572220015.877,1572220027.5530002,0,11.640999999999998,512676,0.3523243707585259,0,0,10.160333,0.0,10.16,0,407517.0,4.675118623481785,413562.3076923077
1,https://arteptweb-vh.akamaihd.net/i/am/ptweb/085000/085800/085801-006-A_2_VOF-STE%5BANG%5D_AMM-PTWEB_XQ.1CY9Gu6Ul4.smil/segment2_3_av.ts,1572220027.6139998,1572220027.903,1,0.277,434844,12.558671480144401,0,0,10.16,10.16,20.32,0,349920.0,2.4947240725806457,413562.3076923077
2,https://arteptweb-vh.akamaihd.net/i/am/ptweb/085000/085800/085801-006-A_2_VOF-STE%5BANG%5D_AMM-PTWEB_XQ.1CY9Gu6Ul4.smil/segment3_3_av.ts,1572220027.938,1572220028.381,2,0.4320000000000001,693156,12.836222222222226,0,0,10.08,20.32,30.4,0,558462.0,12.148227246963565,413562.3076923077
3,https://arteptweb-vh.akamaihd.net/i/am/ptweb/085000/085800/085801-006-A_2_VOF-STE%5BANG%5D_AMM-PTWEB_XQ.1CY9Gu6Ul4.smil/segment4_3_av.ts,1572220032.7489998,1572220033.0340002,3,0.256,879652,27.489125,0,0,10.064333,30.4,40.46,0,710940.0,5.625517903225808,413562.3076923077
4,https://arteptweb-vh.akamaihd.net/i/am/ptweb/085000/085800/085801-006-A_2_VOF-STE%5BANG%5D_AMM-PTWEB_XQ.1CY9Gu6Ul4.smil/segment5_2_av.ts,1572220042.7570002,1572220043.14,4,0.336,1131948,26.951142857142855,0,0,10.120333,40.46,50.58,1,887657.0,42.915118122449,981017.4102564103
5,https://arteptweb-vh.akamaihd.net/i/am/ptweb/085000/085800/085801-006-A_2_VOF-STE%5BANG%5D_AMM-PTWEB_XQ.1CY9Gu6Ul4.smil/segment6_0_av.ts,1572220052.77,1572220053.625,5,0.774,1974940,20.41281653746769,0,0,10.195,50.58,60.78,2,1542651.0,52.04525477551021,1686295.0
6,https://arteptweb-vh.akamaihd.net/i/am/ptweb/085000/085800/085801-006-A_2_VOF-STE%5BANG%5D_AMM-PTWEB_XQ.1CY9Gu6Ul4.smil/segment5_0_av.ts,1572220053.688,1572220054.3520002,4,0.622,1868908,24.03740192926045,0,0,10.120333,40.46,50.58,2,1384615.0,34.899269673469384,1686295.0
7,https://arteptweb-vh.akamaihd.net/i/am/ptweb/085000/085800/085801-006-A_2_VOF-STE%5BANG%5D_AMM-PTWEB_XQ.1CY9Gu6Ul4.smil/segment6_1_av.ts,1572220054.415,1572220055.458,5,0.9440000000000001,2799132,23.72145762711864,0,0,10.195,50.58,60.78,3,2210636.0,100.0,2396245.641025641
8,https://arteptweb-vh.akamaihd.net/i/am/ptweb/085000/085800/085801-006-A_2_VOF-STE%5BANG%5D_AMM-PTWEB_XQ.1CY9Gu6Ul4.smil/segment5_1_av.ts,1572220055.5129998,1572220056.543,4,0.918,2488556,21.686762527233114,0,0,10.120333,40.46,50.58,3,1933884.0,100.0,2396245.641025641
9,https://arteptweb-vh.akamaihd.net/i/am/ptweb/085000/085800/085801-006-A_2_VOF-STE%5BANG%5D_AMM-PTWEB_XQ.1CY9Gu6Ul4.smil/segment6_1_av.ts,1572220056.627,1572220057.674,5,1.03,2799132,21.740831067961164,0,0,10.195,50.58,60.78,3,2210636.0,100.0,2396245.641025641
10,https://arteptweb-vh.akamaihd.net/i/am/ptweb/085000/085800/085801-006-A_2_VOF-STE%5BANG%5D_AMM-PTWEB_XQ.1CY9Gu6Ul4.smil/segment7_1_av.ts,1572220062.748,1572220063.3779998,6,0.616,2681444,34.82394805194805,0,0,10.069666999999999,60.78,70.85,3,2130313.0,100.0,2396245.641025641
11,https://arteptweb-vh.akamaihd.net/i/am/ptweb/085000/085800/085801-006-A_2_VOF-STE%5BANG%5D_AMM-PTWEB_XQ.1CY9Gu6Ul4.smil/segment8_1_av.ts,1572220075.949,1572220076.5459998,7,0.5820000000000001,3719204,51.123079037800686,0,0,10.064333,70.85,80.91,3,2994600.0,100.0,2396245.641025641
12,https://arteptweb-vh.akamaihd.net/i/am/ptweb/085000/085800/085801-006-A_2_VOF-STE%5BANG%5D_AMM-PTWEB_XQ.1CY9Gu6Ul4.smil/segment9_1_av.ts,1572220085.948,1572220086.659,8,0.6960000000000001,2852524,32.787632183908045,0,0,10.160333,80.91,91.07,3,2312324.0,100.0,2396245.641025641
13,https://arteptweb-vh.akamaihd.net/i/am/ptweb/085000/085800/085801-006-A_2_VOF-STE%5BANG%5D_AMM-PTWEB_XQ.1CY9Gu6Ul4.smil/segment10_1_av.ts,1572220095.949,1572220097.044,9,1.077,4170028,30.975138347260906,0,0,10.16,91.07,101.23,3,3302434.0,100.0,2396245.641025641
14,https://arteptweb-vh.akamaihd.net/i/am/ptweb/085000/085800/085801-006-A_2_VOF-STE%5BANG%5D_AMM-PTWEB_XQ.1CY9Gu6Ul4.smil/segment11_1_av.ts,1572220105.948,1572220106.893,10,0.928,4380212,37.76044827586207,0,0,10.12,101.23,111.35,3,3514931.0,100.0,2396245.641025641
15,https://arteptweb-vh.akamaihd.net/i/am/ptweb/085000/085800/085801-006-A_2_VOF-STE%5BANG%5D_AMM-PTWEB_XQ.1CY9Gu6Ul4.smil/segment12_1_av.ts,1572220115.948,1572220116.9870002,11,1.025,2960812,23.108776585365852,0,0,10.104333,111.35,121.45,3,2289416.0,100.0,2396245.641025641
16,https://arteptweb-vh.akamaihd.net/i/am/ptweb/085000/085800/085801-006-A_2_VOF-STE%5BANG%5D_AMM-PTWEB_XQ.1CY9Gu6Ul4.smil/segment13_1_av.ts,1572220125.948,1572220125.962,12,0.001,3195436,25563.487999999998,0,0,10.120333,121.46,131.58,3,2423708.0,100.0,2396245.641025641
17,https://arteptweb-vh.akamaihd.net/i/am/ptweb/085000/085800/085801-006-A_2_VOF-STE%5BANG%5D_AMM-PTWEB_XQ.1CY9Gu6Ul4.smil/segment14_1_av.ts,1572220135.948,1572220136.685,13,0.721,3160092,35.06343411927877,0,0,10.075,131.58,141.66,3,2492534.0,100.0,2396245.641025641
18,https://arteptweb-vh.akamaihd.net/i/am/ptweb/085000/085800/085801-006-A_2_VOF-STE%5BANG%5D_AMM-PTWEB_XQ.1CY9Gu6Ul4.smil/segment15_1_av.ts,1572220145.948,1572220146.549,14,0.583,3226268,44.27125900514579,0,0,10.069666999999999,141.65,151.72,3,2496244.0,100.0,2396245.641025641
19,https://arteptweb-vh.akamaihd.net/i/am/ptweb/085000/085800/085801-006-A_2_VOF-STE%5BANG%5D_AMM-PTWEB_XQ.1CY9Gu6Ul4.smil/segment16_1_av.ts,1572220155.948,1572220156.435,15,0.47,2822068,48.0352,0,0,10.064333,151.72,161.78,3,2259960.0,100.0,2396245.641025641
20,https://arteptweb-vh.akamaihd.net/i/am/ptweb/085000/085800/085801-006-A_2_VOF-STE%5BANG%5D_AMM-PTWEB_XQ.1CY9Gu6Ul4.smil/segment17_1_av.ts,1572220165.949,1572220166.508,16,0.546,2247540,32.930989010989016,0,0,10.080333,161.79,171.87,3,1790864.0,100.0,2396245.641025641
21,https://arteptweb-vh.akamaihd.net/i/am/ptweb/085000/085800/085801-006-A_2_VOF-STE%5BANG%5D_AMM-PTWEB_XQ.1CY9Gu6Ul4.smil/segment18_1_av.ts,1572220175.949,1572220176.36,17,0.397,2509988,50.57910327455918,0,0,10.195,171.87,182.06,3,1976664.0,100.0,2396245.641025641
22,https://arteptweb-vh.akamaihd.net/i/am/ptweb/085000/085800/085801-006-A_2_VOF-STE%5BANG%5D_AMM-PTWEB_XQ.1CY9Gu6Ul4.smil/segment19_1_av.ts,1572220185.948,1572220186.5939999,18,0.63,3412012,43.32713650793651,0,0,10.189667,182.06,192.25,3,2655185.0,100.0,2396245.641025641
23,https://arteptweb-vh.akamaihd.net/i/am/ptweb/085000/085800/085801-006-A_2_VOF-STE%5BANG%5D_AMM-PTWEB_XQ.1CY9Gu6Ul4.smil/segment20_1_av.ts,1572220195.949,1572220197.08,19,1.114,4050460,29.087684021543986,0,0,10.104333,192.25,202.35,3,3145234.0,100.0,2396245.641025641
24,https://arteptweb-vh.akamaihd.net/i/am/ptweb/085000/085800/085801-006-A_2_VOF-STE%5BANG%5D_AMM-PTWEB_XQ.1CY9Gu6Ul4.smil/segment21_1_av.ts,1572220205.948,1572220206.7729998,20,0.8109999999999999,2927724,28.88013810110974,0,0,10.080333,202.36,212.44,3,2278156.0,100.0,2396245.641025641
25,https://arteptweb-vh.akamaihd.net/i/am/ptweb/085000/085800/085801-006-A_2_VOF-STE%5BANG%5D_AMM-PTWEB_XQ.1CY9Gu6Ul4.smil/segment22_1_av.ts,1572220215.949,1572220216.5879998,21,0.623,3300340,42.379967897271264,0,0,10.115,212.44,222.56,3,2593600.0,100.0,2396245.641025641
26,https://arteptweb-vh.akamaihd.net/i/am/ptweb/085000/085800/085801-006-A_2_VOF-STE%5BANG%5D_AMM-PTWEB_XQ.1CY9Gu6Ul4.smil/segment23_1_av.ts,1572220225.949,1572220226.4239998,22,0.461,3026988,52.52907592190889,0,0,10.109667,222.55,232.66,3,2397701.0,100.0,2396245.641025641
27,https://arteptweb-vh.akamaihd.net/i/am/ptweb/085000/085800/085801-006-A_2_VOF-STE%5BANG%5D_AMM-PTWEB_XQ.1CY9Gu6Ul4.smil/segment24_1_av.ts,1572220235.948,1572220236.486,23,0.523,3436076,52.559479923518154,0,0,10.184333,232.66,242.84,3,2675478.0,100.0,2396245.641025641
28,https://arteptweb-vh.akamaihd.net/i/am/ptweb/085000/085800/085801-006-A_2_VOF-STE%5BANG%5D_AMM-PTWEB_XQ.1CY9Gu6Ul4.smil/segment25_1_av.ts,1572220245.949,1572220246.3920002,24,0.429,2948404,54.981892773892774,0,0,10.080333,242.85,252.93,3,2282632.0,100.0,2396245.641025641
29,https://arteptweb-vh.akamaihd.net/i/am/ptweb/085000/085800/085801-006-A_2_VOF-STE%5BANG%5D_AMM-PTWEB_XQ.1CY9Gu6Ul4.smil/segment26_1_av.ts,1572220255.949,1572220256.356,25,0.394,2326500,47.238578680203034,0,0,10.155,252.93,263.08,3,1925208.0,100.0,2396245.641025641
30,https://arteptweb-vh.akamaihd.net/i/am/ptweb/085000/085800/085801-006-A_2_VOF-STE%5BANG%5D_AMM-PTWEB_XQ.1CY9Gu6Ul4.smil/segment27_1_av.ts,1572220265.948,1572220266.406,26,0.445,2133988,38.36382921348314,0,0,10.2,263.08,273.28,3,1666638.0,100.0,2396245.641025641
31,https://arteptweb-vh.akamaihd.net/i/am/ptweb/085000/085800/085801-006-A_2_VOF-STE%5BANG%5D_AMM-PTWEB_XQ.1CY9Gu6Ul4.smil/segment28_1_av.ts,1572220275.948,1572220276.514,27,0.5539999999999999,2055404,29.680924187725626,0,0,10.184333,273.28,283.46,3,1626375.0,100.0,2396245.641025641
32,https://arteptweb-vh.akamaihd.net/i/am/ptweb/085000/085800/085801-006-A_2_VOF-STE%5BANG%5D_AMM-PTWEB_XQ.1CY9Gu6Ul4.smil/segment29_1_av.ts,1572220285.948,1572220286.3760002,28,0.417,2338532,44.86392326139089,0,0,10.120333,283.47,293.59,3,1777138.0,100.0,2396245.641025641
33,https://arteptweb-vh.akamaihd.net/i/am/ptweb/085000/085800/085801-006-A_2_VOF-STE%5BANG%5D_AMM-PTWEB_XQ.1CY9Gu6Ul4.smil/segment30_1_av.ts,1572220295.948,1572220296.428,29,0.426,2386284,44.81284507042253,0,0,10.195,293.59,303.78,3,1844188.0,100.0,2396245.641025641
34,https://arteptweb-vh.akamaihd.net/i/am/ptweb/085000/085800/085801-006-A_2_VOF-STE%5BANG%5D_AMM-PTWEB_XQ.1CY9Gu6Ul4.smil/segment31_1_av.ts,1572220305.948,1572220306.7229998,30,0.76,3775980,39.74715789473685,0,0,10.069666999999999,303.78,313.85,3,3004664.0,100.0,2396245.641025641
35,https://arteptweb-vh.akamaihd.net/i/am/ptweb/085000/085800/085801-006-A_2_VOF-STE%5BANG%5D_AMM-PTWEB_XQ.1CY9Gu6Ul4.smil/segment32_1_av.ts,1572220315.949,1572220317.254,31,1.287,3572564,22.207080031080032,0,0,10.184333,313.85,324.03,3,2873789.0,100.0,2396245.641025641
36,https://arteptweb-vh.akamaihd.net/i/am/ptweb/085000/085800/085801-006-A_2_VOF-STE%5BANG%5D_AMM-PTWEB_XQ.1CY9Gu6Ul4.smil/segment33_1_av.ts,1572220325.949,1572220326.9859998,32,1.0190000000000001,2211820,17.364631992149164,0,0,10.120333,324.04,334.16,3,1762683.0,100.0,2396245.641025641
37,https://arteptweb-vh.akamaihd.net/i/am/ptweb/085000/085800/085801-006-A_2_VOF-STE%5BANG%5D_AMM-PTWEB_XQ.1CY9Gu6Ul4.smil/segment34_1_av.ts,1572220335.948,1572220336.416,33,0.454,2909300,51.265198237885464,0,0,10.075,334.16,344.24,3,2025884.0,100.0,2396245.641025641
38,https://arteptweb-vh.akamaihd.net/i/am/ptweb/085000/085800/085801-006-A_2_VOF-STE%5BANG%5D_AMM-PTWEB_XQ.1CY9Gu6Ul4.smil/segment35_1_av.ts,1572220345.949,1572220346.629,34,0.667,2509236,30.095784107946034,0,0,10.149666999999999,344.23,354.38,3,2051286.0,100.0,2396245.641025641
39,https://arteptweb-vh.akamaihd.net/i/am/ptweb/085000/085800/085801-006-A_2_VOF-STE%5BANG%5D_AMM-PTWEB_XQ.1CY9Gu6Ul4.smil/segment36_1_av.ts,1572220355.948,1572220357.327,35,1.3630000000000002,3526316,20.69737931034483,0,0,10.12,354.38,364.5,3,2801868.0,100.0,2396245.641025641
40,https://arteptweb-vh.akamaihd.net/i/am/ptweb/085000/085800/085801-006-A_2_VOF-STE%5BANG%5D_AMM-PTWEB_XQ.1CY9Gu6Ul4.smil/segment37_1_av.ts,1572220365.948,1572220366.549,36,0.588,2855156,38.84565986394558,0,0,10.080333,364.5,374.58,3,2256373.0,100.0,2396245.641025641
41,https://arteptweb-vh.akamaihd.net/i/am/ptweb/085000/085800/085801-006-A_2_VOF-STE%5BANG%5D_AMM-PTWEB_XQ.1CY9Gu6Ul4.smil/segment38_1_av.ts,1572220375.948,1572220376.3279998,37,0.368,2430652,52.84026086956521,0,0,10.115,374.58,384.7,3,1936688.0,100.0,2396245.641025641
42,https://arteptweb-vh.akamaihd.net/i/am/ptweb/085000/085800/085801-006-A_2_VOF-STE%5BANG%5D_AMM-PTWEB_XQ.1CY9Gu6Ul4.smil/segment39_1_av.ts,1572220385.948,1572220386.055,38,0.08,530724,53.0724,0,0,1.9496669999999998,384.7,386.65,3,2325812.0,100.0,2396245.641025641
